Time,SM1,SM2,SM3
2024-08-22T14:00:00, 976.0, 18496.8, 21992.2
2024-08-22T14:15:00, 963.2, 18480.8, 21925.0
2024-08-22T14:30:00, 976.0, 18503.2, 21902.6
2024-08-22T14:45:00, 976.0, 18503.2, 21817.8
2024-08-22T15:00:00, 971.2, 18522.4, 21894.6
2024-08-22T15:15:00, 971.2, 18509.6, 21886.6
2024-08-22T15:30:00, 972.8, 18511.2, 21883.4
2024-08-22T15:45:00, 969.6, 18522.4, 21859.4
2024-08-22T16:00:00, 968.0, 18525.6, 21854.6
2024-08-22T16:15:00, 977.6, 18532.0, 21854.6
2024-08-22T16:30:00, 969.6, 18524.0, 21853.0
2024-08-22T16:45:00, 966.4, 18514.4, 21854.6
2024-08-22T17:00:00, 968.0, 18514.4, 21830.6
2024-08-22T17:15:00, 972.8, 18514.4, 21832.2
2024-08-22T17:30:00, 969.6, 18535.2, 21827.4
2024-08-22T17:45:00, 963.2, 18512.8, 21816.2
2024-08-22T18:00:00, 968.0, 18524.0, 21803.4
2024-08-22T18:15:00, 968.0, 18503.2, 21790.6
2024-08-22T18:30:00, 969.6, 18498.4, 21773.0
2024-08-22T18:45:00, 974.4, 18487.2, 21760.2
2024-08-22T19:00:00, 974.4, 18490.4, 21752.2
2024-08-22T19:15:00, 961.6, 18498.4, 21753.8
2024-08-22T19:30:00, 976.0, 18490.4, 21729.8
2024-08-22T19:45:00, 968.0, 18460.0, 21707.4
2024-08-22T20:00:00, 964.8, 18458.4, 21701.0
2024-08-22T20:15:00, 960.0, 18445.6, 21693.0
2024-08-22T20:30:00, 961.6, 18432.8, 21670.6
2024-08-22T20:45:00, 958.4, 18440.8, 21672.2
2024-08-22T21:00:00, 966.4, 18437.6, 21669.0
2024-08-22T21:15:00, 961.6, 18453.6, 21656.2
2024-08-22T21:30:00, 966.4, 18437.6, 21661.0
2024-08-22T21:45:00, 964.8, 18436.0, 21646.6
2024-08-22T22:00:00, 958.4, 18439.2, 21646.6
2024-08-22T22:15:00, 966.4, 18455.2, 21664.2
2024-08-22T22:30:00, 963.2, 18456.8, 21653.0
2024-08-22T22:45:00, 964.8, 18461.6, 21649.8
2024-08-22T23:00:00, 971.2, 18453.6, 21643.4
2024-08-22T23:15:00, 964.8, 18447.2, 21657.8
2024-08-22T23:30:00, 972.8, 18452.0, 21649.8
2024-08-22T23:45:00, 960.0, 18456.8, 21648.2
2024-08-23T00:00:00, 961.6, 18458.4, 21646.6
2024-08-23T00:15:00, 972.8, 18466.4, 21648.2
2024-08-23T00:30:00, 972.8, 18463.2, 21643.4
2024-08-23T00:45:00, 969.6, 18463.2, 21637.0
2024-08-23T01:00:00, 966.4, 18458.4, 21641.8
2024-08-23T01:15:00, 974.4, 18452.0, 21630.6
2024-08-23T01:30:00, 960.0, 18464.8, 21632.2
2024-08-23T01:45:00, 971.2, 18466.4, 21640.2
2024-08-23T02:00:00, 966.4, 18472.8, 21633.8
2024-08-23T02:15:00, 950.4, 18460.0, 21629.0
2024-08-23T02:30:00, 968.0, 18466.4, 21629.0
2024-08-23T02:45:00, 971.2, 18460.0, 21613.0
2024-08-23T03:00:00, 961.6, 18458.4, 21606.6
2024-08-23T03:15:00, 953.6, 18456.8, 21590.6
2024-08-23T03:30:00, 966.4, 18448.8, 21598.6
2024-08-23T03:45:00, 964.8, 18472.8, 21608.2
2024-08-23T04:00:00, 966.4, 18464.8, 21619.4
2024-08-23T04:15:00, 966.4, 18469.6, 21622.6
2024-08-23T04:30:00, 961.6, 18485.6, 21621.0
2024-08-23T04:45:00, 961.6, 18466.4, 21611.4
2024-08-23T05:00:00, 961.6, 18476.0, 21605.0
2024-08-23T05:15:00, 963.2, 18472.8, 21597.0
2024-08-23T05:30:00, 966.4, 18445.6, 21592.2
2024-08-23T05:45:00, 953.6, 18472.8, 21603.4
2024-08-23T06:00:00, 966.4, 18477.6, 21608.2
2024-08-23T06:15:00, 958.4, 18480.8, 21603.4
2024-08-23T06:30:00, 961.6, 18476.0, 21605.0
2024-08-23T06:45:00, 966.4, 18463.2, 21595.4
2024-08-23T07:00:00, 972.8, 18472.8, 21579.4
2024-08-23T07:15:00, 960.0, 18472.8, 21592.2
2024-08-23T07:30:00, 961.6, 18482.4, 21614.6
2024-08-23T07:45:00, 961.6, 18495.2, 21640.2
2024-08-23T08:00:00, 968.0, 18514.4, 21651.4
2024-08-23T08:15:00, 969.6, 18543.2, 21693.0
2024-08-23T08:30:00, 961.6, 18559.2, 21710.6
2024-08-23T08:45:00, 979.2, 18583.2, 21720.2
2024-08-23T09:00:00, 972.8, 18599.2, 21737.8
2024-08-23T09:15:00, 971.2, 18612.0, 21768.2
2024-08-23T09:30:00, 976.0, 18624.8, 21784.2
2024-08-23T09:45:00, 974.4, 18640.8, 21789.0
2024-08-23T10:00:00, 980.8, 18663.2, 21801.8
2024-08-23T10:15:00, 980.8, 18685.6, 21821.0
2024-08-23T10:30:00, 977.6, 18677.6, 21829.0
2024-08-23T10:45:00, 958.4, 18703.2, 21843.4
2024-08-23T11:00:00, 979.2, 18703.2, 21859.4
2024-08-23T11:15:00, 979.2, 18722.4, 21851.4
2024-08-23T11:30:00, 976.0, 18724.0, 21896.2
2024-08-23T11:45:00, 974.4, 18738.4, 21893.0
2024-08-23T12:00:00, 974.4, 18720.8, 21899.4
2024-08-23T12:15:00, 982.4, 18757.6, 21913.8
2024-08-23T12:30:00, 982.4, 18773.6, 21942.6
2024-08-23T12:45:00, 987.2, 18850.4, 22011.4
2024-08-23T13:00:00, 998.4, 19076.0, 22288.2
2024-08-23T13:15:00, 996.8, 18999.2, 22203.4
2024-08-23T13:30:00, 982.4, 18879.2, 22054.6
2024-08-23T13:45:00, 992.0, 18860.0, 22043.4
2024-08-23T14:00:00, 982.4, 18807.2, 21961.8
2024-08-23T14:15:00, 987.2, 18788.0, 21937.8
2024-08-23T14:30:00, 988.8, 18770.4, 21926.6
2024-08-23T14:45:00, 982.4, 18788.0, 21929.8
2024-08-23T15:00:00, 979.2, 18776.8, 21912.2
2024-08-23T15:15:00, 977.6, 18765.6, 21902.6
2024-08-23T15:30:00, 976.0, 18765.6, 21915.4
2024-08-23T15:45:00, 974.4, 18765.6, 21899.4
2024-08-23T16:00:00, 979.2, 18764.0, 21904.2
2024-08-23T16:15:00, 984.0, 18760.8, 21902.6
2024-08-23T16:30:00, 971.2, 18757.6, 21896.2
2024-08-23T16:45:00, 976.0, 18752.8, 21889.8
2024-08-23T17:00:00, 968.0, 18751.2, 21875.4
2024-08-23T17:15:00, 977.6, 18732.0, 21862.6
2024-08-23T17:30:00, 976.0, 18738.4, 21854.6
2024-08-23T17:45:00, 968.0, 18728.8, 21846.6
2024-08-23T18:00:00, 976.0, 18724.0, 21833.8
2024-08-23T18:15:00, 968.0, 18712.8, 21830.6
2024-08-23T18:30:00, 984.0, 18716.0, 21825.8
2024-08-23T18:45:00, 976.0, 18704.8, 21827.4
2024-08-23T19:00:00, 972.8, 18706.4, 21805.0
2024-08-23T19:15:00, 976.0, 18695.2, 21793.8
2024-08-23T19:30:00, 974.4, 18674.4, 21785.8
2024-08-23T19:45:00, 971.2, 18671.2, 21782.6
2024-08-23T20:00:00, 972.8, 18671.2, 21766.6
2024-08-23T20:15:00, 968.0, 18656.8, 21769.8
2024-08-23T20:30:00, 979.2, 18656.8, 21760.2
2024-08-23T20:45:00, 971.2, 18668.0, 21745.8
2024-08-23T21:00:00, 968.0, 18648.8, 21750.6
2024-08-23T21:15:00, 968.0, 18656.8, 21728.2
2024-08-23T21:30:00, 966.4, 18655.2, 21737.8
2024-08-23T21:45:00, 968.0, 18648.8, 21734.6
2024-08-23T22:00:00, 964.8, 18644.0, 21757.0
2024-08-23T22:15:00, 971.2, 18639.2, 21713.8
2024-08-23T22:30:00, 972.8, 18652.0, 21723.4
2024-08-23T22:45:00, 976.0, 18642.4, 21744.2
2024-08-23T23:00:00, 969.6, 18652.0, 21733.0
2024-08-23T23:15:00, 971.2, 18639.2, 21728.2
2024-08-23T23:30:00, 968.0, 18645.6, 21726.6
2024-08-23T23:45:00, 971.2, 18650.4, 21734.6
2024-08-24T00:00:00, 964.8, 18661.6, 21728.2
2024-08-24T00:15:00, 968.0, 18652.0, 21731.4
2024-08-24T00:30:00, 969.6, 18644.0, 21721.8
2024-08-24T00:45:00, 969.6, 18655.2, 21741.0
2024-08-24T01:00:00, 968.0, 18648.8, 21726.6
2024-08-24T01:15:00, 972.8, 18674.4, 21725.0
2024-08-24T01:30:00, 964.8, 18650.4, 21725.0
2024-08-24T01:45:00, 969.6, 18644.0, 21720.2
2024-08-24T02:00:00, 964.8, 18647.2, 21720.2
2024-08-24T02:15:00, 972.8, 18652.0, 21715.4
2024-08-24T02:30:00, 964.8, 18652.0, 21718.6
2024-08-24T02:45:00, 972.8, 18647.2, 21723.4
2024-08-24T03:00:00, 969.6, 18634.4, 21713.8
2024-08-24T03:15:00, 966.4, 18656.8, 21725.0
2024-08-24T03:30:00, 968.0, 18653.6, 21723.4
2024-08-24T03:45:00, 968.0, 18650.4, 21718.6
2024-08-24T04:00:00, 977.6, 18648.8, 21721.8
2024-08-24T04:15:00, 976.0, 18648.8, 21715.4
2024-08-24T04:30:00, 966.4, 18640.8, 21696.2
2024-08-24T04:45:00, 971.2, 18639.2, 21697.8
2024-08-24T05:00:00, 971.2, 18634.4, 21697.8
2024-08-24T05:15:00, 960.0, 18629.6, 21696.2
2024-08-24T05:30:00, 968.0, 18642.4, 21702.6
2024-08-24T05:45:00, 968.0, 18640.8, 21704.2
2024-08-24T06:00:00, 960.0, 18648.8, 21697.8
2024-08-24T06:15:00, 969.6, 18652.0, 21707.4
2024-08-24T06:30:00, 961.6, 18653.6, 21709.0
2024-08-24T06:45:00, 969.6, 18666.4, 21718.6
2024-08-24T07:00:00, 969.6, 18652.0, 21707.4
2024-08-24T07:15:00, 972.8, 18669.6, 21717.0
2024-08-24T07:30:00, 972.8, 18676.0, 21733.0
2024-08-24T07:45:00, 968.0, 18700.0, 21745.8
2024-08-24T08:00:00, 968.0, 18711.2, 21765.0
2024-08-24T08:15:00, 977.6, 18717.6, 21787.4
2024-08-24T08:30:00, 982.4, 18738.4, 21800.2
2024-08-24T08:45:00, 971.2, 18756.0, 21821.0
2024-08-24T09:00:00, 982.4, 18765.6, 21832.2
2024-08-24T09:15:00, 968.0, 18776.8, 21851.4
2024-08-24T09:30:00, 980.8, 18805.6, 21886.6
2024-08-24T09:45:00, 980.8, 18815.2, 21897.8
2024-08-24T10:00:00, 987.2, 18845.6, 21918.6
2024-08-24T10:15:00, 988.8, 18856.8, 21941.0
2024-08-24T10:30:00, 985.6, 18861.6, 21937.8
2024-08-24T10:45:00, 977.6, 18876.0, 21952.2
2024-08-24T11:00:00, 979.2, 18896.8, 21984.2
2024-08-24T11:15:00, 984.0, 18892.0, 21979.4
2024-08-24T11:30:00, 988.8, 18911.2, 22021.0
2024-08-24T11:45:00, 988.8, 18935.2, 22027.4
2024-08-24T12:00:00, 990.4, 18948.0, 22046.6
2024-08-24T12:15:00, 980.8, 18964.0, 22048.2
2024-08-24T12:30:00, 992.0, 18968.8, 22073.8
2024-08-24T12:45:00, 993.6, 19020.0, 22131.4
2024-08-24T13:00:00, 1017.6, 19322.4, 22483.4
2024-08-24T13:15:00, 1014.4, 19205.6, 22363.4
2024-08-24T13:30:00, 998.4, 19100.0, 22219.4
2024-08-24T13:45:00, 1001.6, 19103.2, 22222.6
2024-08-24T14:00:00, 996.8, 19031.2, 22121.8
2024-08-24T14:15:00, 992.0, 18996.0, 22099.4
2024-08-24T14:30:00, 990.4, 18992.8, 22096.2
2024-08-24T14:45:00, 980.8, 18975.2, 22067.4
2024-08-24T15:00:00, 993.6, 18973.6, 22065.8
2024-08-24T15:15:00, 995.2, 18968.8, 22057.8
2024-08-24T15:30:00, 984.0, 18964.0, 22043.4
2024-08-24T15:45:00, 995.2, 18960.8, 22053.0
2024-08-24T16:00:00, 988.8, 18964.0, 22051.4
2024-08-24T16:15:00, 984.0, 18954.4, 22037.0
2024-08-24T16:30:00, 984.0, 18940.0, 22038.6
2024-08-24T16:45:00, 993.6, 18949.6, 22043.4
2024-08-24T17:00:00, 985.6, 18951.2, 22019.4
2024-08-24T17:15:00, 984.0, 18932.0, 22008.2
2024-08-24T17:30:00, 988.8, 18932.0, 21998.6
2024-08-24T17:45:00, 998.4, 18914.4, 21985.8
2024-08-24T18:00:00, 987.2, 18904.8, 21976.2
2024-08-24T18:15:00, 977.6, 18892.0, 21963.4
2024-08-24T18:30:00, 988.8, 18909.6, 21977.8
2024-08-24T18:45:00, 985.6, 18896.8, 21955.4
2024-08-24T19:00:00, 976.0, 18885.6, 21934.6
2024-08-24T19:15:00, 980.8, 18872.8, 21933.0
2024-08-24T19:30:00, 985.6, 18864.8, 21920.2
2024-08-24T19:45:00, 987.2, 18852.0, 21901.0
2024-08-24T20:00:00, 980.8, 18844.0, 21897.8
2024-08-24T20:15:00, 982.4, 18837.6, 21881.8
2024-08-24T20:30:00, 976.0, 18815.2, 21861.0
2024-08-24T20:45:00, 976.0, 18826.4, 21867.4
2024-08-24T21:00:00, 979.2, 18816.8, 21856.2
2024-08-24T21:15:00, 985.6, 18832.8, 21867.4
2024-08-24T21:30:00, 982.4, 18828.0, 21865.8
2024-08-24T21:45:00, 984.0, 18839.2, 21870.6
2024-08-24T22:00:00, 979.2, 18831.2, 21869.0
2024-08-24T22:15:00, 971.2, 18812.0, 21872.2
2024-08-24T22:30:00, 977.6, 18815.2, 21853.0
2024-08-24T22:45:00, 980.8, 18808.8, 21856.2
2024-08-24T23:00:00, 974.4, 18807.2, 21843.4
2024-08-24T23:15:00, 972.8, 18815.2, 21848.2
2024-08-24T23:30:00, 980.8, 18815.2, 21840.2
2024-08-24T23:45:00, 974.4, 18823.2, 21838.6
2024-08-25T00:00:00, 974.4, 18815.2, 21846.6
2024-08-25T00:15:00, 977.6, 18829.6, 21854.6
2024-08-25T00:30:00, 977.6, 18818.4, 21838.6
2024-08-25T00:45:00, 972.8, 18808.8, 21825.8
2024-08-25T01:00:00, 982.4, 18799.2, 21840.2
2024-08-25T01:15:00, 977.6, 18821.6, 21857.8
2024-08-25T01:30:00, 968.0, 18815.2, 21849.8
2024-08-25T01:45:00, 972.8, 18845.6, 21889.8
2024-08-25T02:00:00, 976.0, 18840.8, 21881.8
2024-08-25T02:15:00, 980.8, 18836.0, 21841.8
2024-08-25T02:30:00, 974.4, 18821.6, 21862.6
2024-08-25T02:45:00, 974.4, 18818.4, 21843.4
2024-08-25T03:00:00, 972.8, 18821.6, 21841.8
2024-08-25T03:15:00, 976.0, 18815.2, 21843.4
2024-08-25T03:30:00, 974.4, 18800.8, 21848.2
2024-08-25T03:45:00, 977.6, 18821.6, 21835.4
2024-08-25T04:00:00, 976.0, 18815.2, 21827.4
2024-08-25T04:15:00, 968.0, 18812.0, 21837.0
2024-08-25T04:30:00, 972.8, 18808.8, 21821.0
2024-08-25T04:45:00, 977.6, 18778.4, 21795.4
2024-08-25T05:00:00, 971.2, 18778.4, 21803.4
2024-08-25T05:15:00, 966.4, 18772.0, 21776.2
2024-08-25T05:30:00, 974.4, 18752.8, 21769.8
2024-08-25T05:45:00, 971.2, 18741.6, 21753.8
2024-08-25T06:00:00, 966.4, 18735.2, 21733.0
2024-08-25T06:15:00, 968.0, 18730.4, 21745.8
2024-08-25T06:30:00, 976.0, 18724.0, 21728.2
2024-08-25T06:45:00, 976.0, 18736.8, 21742.6
2024-08-25T07:00:00, 972.8, 18749.6, 21766.6
2024-08-25T07:15:00, 968.0, 18762.4, 21793.8
2024-08-25T07:30:00, 969.6, 18765.6, 21765.0
2024-08-25T07:45:00, 969.6, 18760.8, 21761.8
2024-08-25T08:00:00, 963.2, 18756.0, 21765.0
2024-08-25T08:15:00, 968.0, 18760.8, 21774.6
2024-08-25T08:30:00, 980.8, 18752.8, 21766.6
2024-08-25T08:45:00, 968.0, 18768.8, 21768.2
2024-08-25T09:00:00, 969.6, 18751.2, 21763.4
2024-08-25T09:15:00, 969.6, 18740.0, 21752.2
2024-08-25T09:30:00, 974.4, 18730.4, 21728.2
2024-08-25T09:45:00, 961.6, 18717.6, 21710.6
2024-08-25T10:00:00, 968.0, 18711.2, 21717.0
2024-08-25T10:15:00, 964.8, 18703.2, 21712.2
2024-08-25T10:30:00, 964.8, 18728.8, 21728.2
2024-08-25T10:45:00, 971.2, 18744.8, 21734.6
2024-08-25T11:00:00, 969.6, 18738.4, 21737.8
2024-08-25T11:15:00, 969.6, 18752.8, 21745.8
2024-08-25T11:30:00, 966.4, 18724.0, 21728.2
2024-08-25T11:45:00, 972.8, 18720.8, 21723.4
2024-08-25T12:00:00, 976.0, 18717.6, 21713.8
2024-08-25T12:15:00, 968.0, 18722.4, 21701.0
2024-08-25T12:30:00, 968.0, 18700.0, 21689.8
2024-08-25T12:45:00, 974.4, 18716.0, 21701.0
2024-08-25T13:00:00, 961.6, 18716.0, 21705.8
2024-08-25T13:15:00, 968.0, 18741.6, 21720.2
2024-08-25T13:30:00, 972.8, 18748.0, 21742.6
2024-08-25T13:45:00, 974.4, 18759.2, 21752.2
2024-08-25T14:00:00, 971.2, 18752.8, 21739.4
2024-08-25T14:15:00, 972.8, 18732.0, 21723.4
2024-08-25T14:30:00, 966.4, 18714.4, 21705.8
2024-08-25T14:45:00, 971.2, 18720.8, 21707.4
2024-08-25T15:00:00, 964.8, 18720.8, 21712.2
2024-08-25T15:15:00, 969.6, 18727.2, 21699.4
2024-08-25T15:30:00, 966.4, 18706.4, 21693.0
2024-08-25T15:45:00, 972.8, 18714.4, 21689.8
2024-08-25T16:00:00, 966.4, 18717.6, 21696.2
2024-08-25T16:15:00, 968.0, 18706.4, 21688.2
2024-08-25T16:30:00, 964.8, 18717.6, 21688.2
2024-08-25T16:45:00, 969.6, 18696.8, 21688.2
2024-08-25T17:00:00, 968.0, 18684.0, 21680.2
2024-08-25T17:15:00, 969.6, 18685.6, 21667.4
2024-08-25T17:30:00, 964.8, 18666.4, 21637.0
2024-08-25T17:45:00, 964.8, 18663.2, 21627.4
2024-08-25T18:00:00, 960.0, 18656.8, 21614.6
2024-08-25T18:15:00, 955.2, 18650.4, 21606.6
2024-08-25T18:30:00, 958.4, 18647.2, 21609.8
2024-08-25T18:45:00, 960.0, 18631.2, 21605.0
2024-08-25T19:00:00, 956.8, 18623.2, 21584.2
2024-08-25T19:15:00, 961.6, 18626.4, 21579.4
2024-08-25T19:30:00, 956.8, 18605.6, 21568.2
2024-08-25T19:45:00, 958.4, 18610.4, 21569.8
2024-08-25T20:00:00, 953.6, 18612.0, 21557.0
2024-08-25T20:15:00, 953.6, 18594.4, 21539.4
2024-08-25T20:30:00, 952.0, 18576.8, 21523.4
2024-08-25T20:45:00, 960.0, 18576.8, 21517.0
2024-08-25T21:00:00, 956.8, 18572.0, 21520.2
2024-08-25T21:15:00, 454.4, 18556.0, 21485.0
2024-08-25T21:30:00, 336.0, 18560.8, 21464.2
2024-08-25T21:45:00, 284.8, 18543.2, 21451.4
2024-08-25T22:00:00, 267.2, 18527.2, 21441.8
2024-08-25T22:15:00, 268.8, 18543.2, 21432.2
2024-08-25T22:30:00, 364.8, 18383.2, 21158.6
2024-08-25T22:45:00, 324.8, 18396.0, 21112.2
2024-08-25T23:00:00, 299.2, 18375.2, 21101.0
2024-08-25T23:15:00, 289.6, 18400.8, 21113.8
2024-08-25T23:30:00, 289.6, 18333.6, 21121.8
2024-08-25T23:45:00, 284.8, 18330.4, 21072.2
2024-08-26T00:00:00, 278.4, 18328.8, 21073.8
2024-08-26T00:15:00, 280.0, 18277.6, 21072.2
2024-08-26T00:30:00, 272.0, 18223.2, 21072.2
2024-08-26T00:45:00, 276.8, 18202.4, 21053.0
2024-08-26T01:00:00, 272.0, 18157.6, 21049.8
2024-08-26T01:15:00, 272.0, 18207.2, 21037.0
2024-08-26T01:30:00, 272.0, 18146.4, 21011.4
2024-08-26T01:45:00, 267.2, 18138.4, 21011.4
2024-08-26T02:00:00, 265.6, 18087.2, 21017.8
2024-08-26T02:15:00, 273.6, 18008.8, 21030.6
2024-08-26T02:30:00, 262.4, 18010.4, 21017.8
2024-08-26T02:45:00, 260.8, 18034.4, 21011.4
2024-08-26T03:00:00, 262.4, 17967.2, 21008.2
2024-08-26T03:15:00, 252.8, 17925.6, 21014.6
2024-08-26T03:30:00, 262.4, 17932.0, 21013.0
2024-08-26T03:45:00, 254.4, 17903.2, 21027.4
2024-08-26T04:00:00, 248.0, 17887.2, 21046.6
2024-08-26T04:15:00, 238.4, 17874.4, 21064.2
2024-08-26T04:30:00, 252.8, 17856.8, 21070.6
2024-08-26T04:45:00, 246.4, 17858.4, 21081.8
2024-08-26T05:00:00, 249.6, 17829.6, 21096.2
2024-08-26T05:15:00, 251.2, 17832.8, 21097.8
2024-08-26T05:30:00, 248.0, 17808.8, 21102.6
2024-08-26T05:45:00, 254.4, 17824.8, 21134.6
2024-08-26T06:00:00, 254.4, 17754.4, 21417.8
2024-08-26T06:15:00, 244.8, 17730.4, 21286.6
2024-08-26T06:30:00, 254.4, 17730.4, 21073.8
2024-08-26T06:45:00, 236.8, 17704.8, 21246.6
2024-08-26T07:00:00, 252.8, 17701.6, 21253.0
2024-08-26T07:15:00, 246.4, 17770.4, 21187.4
2024-08-26T07:30:00, 241.6, 17805.6, 21320.2
2024-08-26T07:45:00, 238.4, 17716.0, 21344.2
2024-08-26T08:00:00, 230.4, 17780.0, 21275.4
2024-08-26T08:15:00, 241.6, 17834.4, 21400.2
2024-08-26T08:30:00, 241.6, 17876.0, 21373.0
2024-08-26T08:45:00, 248.0, 17821.6, 21411.4
2024-08-26T09:00:00, 236.8, 17780.0, 21345.8
2024-08-26T09:15:00, 236.8, 17885.6, 21445.0
2024-08-26T09:30:00, 233.6, 17855.2, 21441.8
2024-08-26T09:45:00, 235.2, 17924.0, 21443.4
2024-08-26T10:00:00, 235.2, 17906.4, 21485.0
2024-08-26T10:15:00, 256.0, 17896.8, 21481.8
2024-08-26T10:30:00, 267.2, 17848.8, 21486.6
2024-08-26T10:45:00, 289.6, 17925.6, 21542.6
2024-08-26T11:00:00, 302.4, 18056.8, 21547.4
2024-08-26T11:15:00, 312.0, 17864.8, 21577.8
2024-08-26T11:30:00, 340.8, 17932.0, 21579.4
2024-08-26T11:45:00, 404.8, 17853.6, 21587.4
2024-08-26T12:00:00, 433.6, 17970.4, 21598.6
2024-08-26T12:15:00, 465.6, 17948.0, 21673.8
2024-08-26T12:30:00, 508.8, 18013.6, 21665.8
2024-08-26T12:45:00, 539.2, 18172.0, 21686.6
2024-08-26T13:00:00, 595.2, 18074.4, 21677.0
2024-08-26T13:15:00, 601.6, 18060.0, 21673.8
2024-08-26T13:30:00, 620.8, 18223.2, 21683.4
2024-08-26T13:45:00, 849.6, 18344.8, 21688.2
2024-08-26T14:00:00, 856.0, 18360.8, 21672.2
2024-08-26T14:15:00, 859.2, 18396.0, 21654.6
2024-08-26T14:30:00, 865.6, 18463.2, 21657.8
2024-08-26T14:45:00, 870.4, 18458.4, 21635.4
2024-08-26T15:00:00, 883.2, 18461.6, 21641.8
2024-08-26T15:15:00, 908.8, 18460.0, 21608.2
2024-08-26T15:30:00, 940.8, 18484.0, 21629.0
2024-08-26T15:45:00, 952.0, 18455.2, 21635.4
2024-08-26T16:00:00, 955.2, 18460.0, 21637.0
2024-08-26T16:15:00, 960.0, 18485.6, 21625.8
2024-08-26T16:30:00, 950.4, 18509.6, 21624.2
2024-08-26T16:45:00, 952.0, 18506.4, 21613.0
2024-08-26T17:00:00, 950.4, 18514.4, 21605.0
2024-08-26T17:15:00, 953.6, 18512.8, 21608.2
2024-08-26T17:30:00, 953.6, 18493.6, 21593.8
2024-08-26T17:45:00, 950.4, 18496.8, 21597.0
2024-08-26T18:00:00, 956.8, 18492.0, 21585.8
2024-08-26T18:15:00, 952.0, 18493.6, 21576.2
2024-08-26T18:30:00, 952.0, 18504.8, 21576.2
2024-08-26T18:45:00, 948.8, 18524.0, 21568.2
2024-08-26T19:00:00, 952.0, 18543.2, 21577.8
2024-08-26T19:15:00, 945.6, 18551.2, 21573.0
2024-08-26T19:30:00, 955.2, 18557.6, 21573.0
2024-08-26T19:45:00, 958.4, 18548.0, 21576.2
2024-08-26T20:00:00, 960.0, 18559.2, 21558.6
2024-08-26T20:15:00, 952.0, 18570.4, 21568.2
2024-08-26T20:30:00, 952.0, 18565.6, 21571.4
2024-08-26T20:45:00, 964.8, 18562.4, 21557.0
2024-08-26T21:00:00, 958.4, 18549.6, 21557.0
2024-08-26T21:15:00, 952.0, 18560.8, 21549.0
2024-08-26T21:30:00, 950.4, 18540.0, 21552.2
2024-08-26T21:45:00, 956.8, 18546.4, 21568.2
2024-08-26T22:00:00, 956.8, 18520.8, 21560.2
2024-08-26T22:15:00, 958.4, 18568.8, 21574.6
2024-08-26T22:30:00, 955.2, 18567.2, 21569.8
2024-08-26T22:45:00, 960.0, 18576.8, 21558.6
2024-08-26T23:00:00, 953.6, 18599.2, 21566.6
2024-08-26T23:15:00, 953.6, 18623.2, 21573.0
2024-08-26T23:30:00, 950.4, 18634.4, 21581.0
2024-08-26T23:45:00, 955.2, 18639.2, 21573.0
2024-08-27T00:00:00, 955.2, 18632.8, 21560.2
2024-08-27T00:15:00, 961.6, 18652.0, 21561.8
2024-08-27T00:30:00, 958.4, 18653.6, 21568.2
2024-08-27T00:45:00, 958.4, 18642.4, 21568.2
2024-08-27T01:00:00, 955.2, 18642.4, 21557.0
2024-08-27T01:15:00, 956.8, 18640.8, 21557.0
2024-08-27T01:30:00, 956.8, 18634.4, 21565.0
2024-08-27T01:45:00, 948.8, 18647.2, 21560.2
2024-08-27T02:00:00, 955.2, 18628.0, 21541.0
2024-08-27T02:15:00, 956.8, 18616.8, 21542.6
2024-08-27T02:30:00, 953.6, 18629.6, 21542.6
2024-08-27T02:45:00, 960.0, 18628.0, 21539.4
2024-08-27T03:00:00, 953.6, 18615.2, 21531.4
2024-08-27T03:15:00, 950.4, 18624.8, 21539.4
2024-08-27T03:30:00, 958.4, 18629.6, 21534.6
2024-08-27T03:45:00, 955.2, 18624.8, 21542.6
2024-08-27T04:00:00, 963.2, 18628.0, 21537.8
2024-08-27T04:15:00, 963.2, 18623.2, 21533.0
2024-08-27T04:30:00, 952.0, 18616.8, 21529.8
2024-08-27T04:45:00, 960.0, 18626.4, 21534.6
2024-08-27T05:00:00, 958.4, 18615.2, 21534.6
2024-08-27T05:15:00, 958.4, 18605.6, 21520.2
2024-08-27T05:30:00, 956.8, 18602.4, 21512.2
2024-08-27T05:45:00, 950.4, 18607.2, 21504.2
2024-08-27T06:00:00, 956.8, 18599.2, 21507.4
2024-08-27T06:15:00, 956.8, 18604.0, 21505.8
2024-08-27T06:30:00, 948.8, 18604.0, 21513.8
2024-08-27T06:45:00, 955.2, 18620.0, 21520.2
2024-08-27T07:00:00, 960.0, 18613.6, 21531.4
2024-08-27T07:15:00, 961.6, 18626.4, 21533.0
2024-08-27T07:30:00, 966.4, 18639.2, 21544.2
2024-08-27T07:45:00, 955.2, 18655.2, 21557.0
2024-08-27T08:00:00, 956.8, 18676.0, 21581.0
2024-08-27T08:15:00, 958.4, 18688.8, 21593.8
2024-08-27T08:30:00, 956.8, 18701.6, 21609.8
2024-08-27T08:45:00, 961.6, 18703.2, 21624.2
2024-08-27T09:00:00, 961.6, 18719.2, 21651.4
2024-08-27T09:15:00, 958.4, 18741.6, 21662.6
2024-08-27T09:30:00, 964.8, 18735.2, 21675.4
2024-08-27T09:45:00, 972.8, 18759.2, 21681.8
2024-08-27T10:00:00, 969.6, 18764.0, 21688.2
2024-08-27T10:15:00, 969.6, 18772.0, 21705.8
2024-08-27T10:30:00, 956.8, 18791.2, 21713.8
2024-08-27T10:45:00, 968.0, 18786.4, 21729.8
2024-08-27T11:00:00, 958.4, 18812.0, 21734.6
2024-08-27T11:15:00, 969.6, 18824.8, 21763.4
2024-08-27T11:30:00, 974.4, 18837.6, 21776.2
2024-08-27T11:45:00, 979.2, 18831.2, 21776.2
2024-08-27T12:00:00, 974.4, 18848.8, 21784.2
2024-08-27T12:15:00, 966.4, 18853.6, 21790.6
2024-08-27T12:30:00, 969.6, 18864.8, 21811.4
2024-08-27T12:45:00, 984.0, 19000.8, 21955.4
2024-08-27T13:00:00, 990.4, 19192.8, 22190.6
2024-08-27T13:15:00, 988.8, 19040.8, 22019.4
2024-08-27T13:30:00, 980.8, 18980.0, 21945.8
2024-08-27T13:45:00, 971.2, 18980.0, 21950.6
2024-08-27T14:00:00, 972.8, 18925.6, 21889.8
2024-08-27T14:15:00, 971.2, 18919.2, 21867.4
2024-08-27T14:30:00, 977.6, 18909.6, 21853.0
2024-08-27T14:45:00, 971.2, 18892.0, 21845.0
2024-08-27T15:00:00, 966.4, 18888.8, 21848.2
2024-08-27T15:15:00, 969.6, 18882.4, 21832.2
2024-08-27T15:30:00, 979.2, 18896.8, 21843.4
2024-08-27T15:45:00, 979.2, 18882.4, 21830.6
2024-08-27T16:00:00, 968.0, 18871.2, 21819.4
2024-08-27T16:15:00, 972.8, 18884.0, 21819.4
2024-08-27T16:30:00, 971.2, 18882.4, 21809.8
2024-08-27T16:45:00, 969.6, 18864.8, 21797.0
2024-08-27T17:00:00, 968.0, 18852.0, 21793.8
2024-08-27T17:15:00, 976.0, 18842.4, 21782.6
2024-08-27T17:30:00, 969.6, 18837.6, 21768.2
2024-08-27T17:45:00, 971.2, 18828.0, 21755.4
2024-08-27T18:00:00, 968.0, 18824.8, 21758.6
2024-08-27T18:15:00, 971.2, 18834.4, 21734.6
2024-08-27T18:30:00, 968.0, 18821.6, 21736.2
2024-08-27T18:45:00, 968.0, 18826.4, 21728.2
2024-08-27T19:00:00, 964.8, 18804.0, 21718.6
2024-08-27T19:15:00, 966.4, 18799.2, 21710.6
2024-08-27T19:30:00, 963.2, 18805.6, 21705.8
2024-08-27T19:45:00, 960.0, 18772.0, 21697.8
2024-08-27T20:00:00, 966.4, 18776.8, 21686.6
2024-08-27T20:15:00, 964.8, 18773.6, 21691.4
2024-08-27T20:30:00, 961.6, 18765.6, 21678.6
2024-08-27T20:45:00, 963.2, 18756.0, 21672.2
2024-08-27T21:00:00, 972.8, 18760.8, 21675.4
2024-08-27T21:15:00, 961.6, 18752.8, 21678.6
2024-08-27T21:30:00, 958.4, 18764.0, 21673.8
2024-08-27T21:45:00, 961.6, 18754.4, 21670.6
2024-08-27T22:00:00, 960.0, 18756.0, 21659.4
2024-08-27T22:15:00, 968.0, 18751.2, 21670.6
2024-08-27T22:30:00, 964.8, 18757.6, 21656.2
2024-08-27T22:45:00, 969.6, 18754.4, 21667.4
2024-08-27T23:00:00, 964.8, 18764.0, 21673.8
2024-08-27T23:15:00, 963.2, 18764.0, 21667.4
2024-08-27T23:30:00, 969.6, 18764.0, 21678.6
2024-08-27T23:45:00, 966.4, 18757.6, 21659.4
2024-08-28T00:00:00, 971.2, 18760.8, 21664.2
2024-08-28T00:15:00, 963.2, 18752.8, 21648.2
2024-08-28T00:30:00, 958.4, 18768.8, 21665.8
2024-08-28T00:45:00, 971.2, 18764.0, 21672.2
2024-08-28T01:00:00, 960.0, 18756.0, 21664.2
2024-08-28T01:15:00, 956.8, 18754.4, 21661.0
2024-08-28T01:30:00, 960.0, 18746.4, 21649.8
2024-08-28T01:45:00, 964.8, 18751.2, 21653.0
2024-08-28T02:00:00, 958.4, 18751.2, 21649.8
2024-08-28T02:15:00, 964.8, 18746.4, 21641.8
2024-08-28T02:30:00, 958.4, 18741.6, 21640.2
2024-08-28T02:45:00, 960.0, 18744.8, 21643.4
2024-08-28T03:00:00, 964.8, 18764.0, 21637.0
2024-08-28T03:15:00, 960.0, 18751.2, 21643.4
2024-08-28T03:30:00, 963.2, 18748.0, 21656.2
2024-08-28T03:45:00, 964.8, 18744.8, 21646.6
2024-08-28T04:00:00, 958.4, 18735.2, 21648.2
2024-08-28T04:15:00, 958.4, 18740.0, 21648.2
2024-08-28T04:30:00, 963.2, 18732.0, 21638.6
2024-08-28T04:45:00, 956.8, 18740.0, 21637.0
2024-08-28T05:00:00, 956.8, 18744.8, 21651.4
2024-08-28T05:15:00, 960.0, 18749.6, 21649.8
2024-08-28T05:30:00, 955.2, 18746.4, 21649.8
2024-08-28T05:45:00, 964.8, 18740.0, 21653.0
2024-08-28T06:00:00, 960.0, 18752.8, 21646.6
2024-08-28T06:15:00, 958.4, 18754.4, 21646.6
2024-08-28T06:30:00, 956.8, 18752.8, 21633.8
2024-08-28T06:45:00, 969.6, 18751.2, 21645.0
2024-08-28T07:00:00, 966.4, 18748.0, 21670.6
2024-08-28T07:15:00, 964.8, 18776.8, 21672.2
2024-08-28T07:30:00, 969.6, 18789.6, 21691.4
2024-08-28T07:45:00, 969.6, 18804.0, 21702.6
2024-08-28T08:00:00, 966.4, 18839.2, 21757.0
2024-08-28T08:15:00, 963.2, 18842.4, 21757.0
2024-08-28T08:30:00, 966.4, 18868.0, 21769.8
2024-08-28T08:45:00, 974.4, 18869.6, 21789.0
2024-08-28T09:00:00, 974.4, 18888.8, 21805.0
2024-08-28T09:15:00, 972.8, 18901.6, 21827.4
2024-08-28T09:30:00, 972.8, 18935.2, 21851.4
2024-08-28T09:45:00, 974.4, 18956.0, 21886.6
2024-08-28T10:00:00, 974.4, 18980.0, 21907.4
2024-08-28T10:15:00, 980.8, 18980.0, 21915.4
2024-08-28T10:30:00, 977.6, 19000.8, 21920.2
2024-08-28T10:45:00, 977.6, 19005.6, 21936.2
2024-08-28T11:00:00, 980.8, 19015.2, 21949.0
2024-08-28T11:15:00, 982.4, 19021.6, 21958.6
2024-08-28T11:30:00, 972.8, 19026.4, 21960.2
2024-08-28T11:45:00, 982.4, 19040.8, 21971.4
2024-08-28T12:00:00, 971.2, 19071.2, 22011.4
2024-08-28T12:15:00, 980.8, 19088.8, 22019.4
2024-08-28T12:30:00, 987.2, 19090.4, 22029.0
2024-08-28T12:45:00, 990.4, 19240.8, 22214.6
2024-08-28T13:00:00, 1011.2, 19376.8, 22389.0
2024-08-28T13:15:00, 1000.0, 19327.2, 22302.6
2024-08-28T13:30:00, 996.8, 19212.0, 22169.8
2024-08-28T13:45:00, 993.6, 19186.4, 22163.4
2024-08-28T14:00:00, 985.6, 19104.8, 22043.4
2024-08-28T14:15:00, 987.2, 19076.0, 22008.2
2024-08-28T14:30:00, 980.8, 19045.6, 21985.8
2024-08-28T14:45:00, 980.8, 19050.4, 21979.4
2024-08-28T15:00:00, 972.8, 19042.4, 21989.0
2024-08-28T15:15:00, 969.6, 19047.2, 21968.2
2024-08-28T15:30:00, 977.6, 19042.4, 21971.4
2024-08-28T15:45:00, 982.4, 19042.4, 21968.2
2024-08-28T16:00:00, 980.8, 19034.4, 21966.6
2024-08-28T16:15:00, 979.2, 19020.0, 21949.0
2024-08-28T16:30:00, 979.2, 19023.2, 21955.4
2024-08-28T16:45:00, 984.0, 19015.2, 21949.0
2024-08-28T17:00:00, 985.6, 19005.6, 21947.4
2024-08-28T17:15:00, 980.8, 19015.2, 21937.8
2024-08-28T17:30:00, 979.2, 19004.0, 21920.2
2024-08-28T17:45:00, 980.8, 19002.4, 21925.0
2024-08-28T18:00:00, 982.4, 18992.8, 21910.6
2024-08-28T18:15:00, 979.2, 18997.6, 21907.4
2024-08-28T18:30:00, 982.4, 18984.8, 21893.0
2024-08-28T18:45:00, 977.6, 18978.4, 21909.0
2024-08-28T19:00:00, 980.8, 18981.6, 21885.0
2024-08-28T19:15:00, 974.4, 18956.0, 21865.8
2024-08-28T19:30:00, 977.6, 18964.0, 21872.2
2024-08-28T19:45:00, 972.8, 18952.8, 21854.6
2024-08-28T20:00:00, 976.0, 18936.8, 21856.2
2024-08-28T20:15:00, 969.6, 18941.6, 21829.0
2024-08-28T20:30:00, 974.4, 18933.6, 21824.2
2024-08-28T20:45:00, 976.0, 18932.0, 21845.0
2024-08-28T21:00:00, 977.6, 18941.6, 21838.6
2024-08-28T21:15:00, 966.4, 18946.4, 21824.2
2024-08-28T21:30:00, 971.2, 18928.8, 21824.2
2024-08-28T21:45:00, 972.8, 18936.8, 21822.6
2024-08-28T22:00:00, 974.4, 18917.6, 21809.8
2024-08-28T22:15:00, 966.4, 18909.6, 21817.8
2024-08-28T22:30:00, 972.8, 18927.2, 21811.4
2024-08-28T22:45:00, 972.8, 18922.4, 21817.8
2024-08-28T23:00:00, 964.8, 18912.8, 21825.8
2024-08-28T23:15:00, 971.2, 18920.8, 21821.0
2024-08-28T23:30:00, 966.4, 18911.2, 21793.8
2024-08-28T23:45:00, 977.6, 18896.8, 21797.0
2024-08-29T00:00:00, 974.4, 18892.0, 21769.8
2024-08-29T00:15:00, 972.8, 18882.4, 21781.0
2024-08-29T00:30:00, 969.6, 18884.0, 21777.8
2024-08-29T00:45:00, 974.4, 18885.6, 21782.6
2024-08-29T01:00:00, 964.8, 18885.6, 21785.8
2024-08-29T01:15:00, 971.2, 18900.0, 21787.4
2024-08-29T01:30:00, 972.8, 18893.6, 21798.6
2024-08-29T01:45:00, 971.2, 18895.2, 21790.6
2024-08-29T02:00:00, 976.0, 18898.4, 21777.8
2024-08-29T02:15:00, 971.2, 18890.4, 21784.2
2024-08-29T02:30:00, 969.6, 18893.6, 21781.0
2024-08-29T02:45:00, 968.0, 18898.4, 21768.2
2024-08-29T03:00:00, 974.4, 18887.2, 21771.4
2024-08-29T03:15:00, 976.0, 18888.8, 21768.2
2024-08-29T03:30:00, 968.0, 18884.0, 21771.4
2024-08-29T03:45:00, 971.2, 18864.8, 21763.4
2024-08-29T04:00:00, 968.0, 18872.8, 21750.6
2024-08-29T04:15:00, 971.2, 18880.8, 21753.8
2024-08-29T04:30:00, 976.0, 18872.8, 21745.8
2024-08-29T04:45:00, 969.6, 18868.0, 21765.0
2024-08-29T05:00:00, 958.4, 18874.4, 21755.4
2024-08-29T05:15:00, 964.8, 18839.2, 21723.4
2024-08-29T05:30:00, 960.0, 18842.4, 21713.8
2024-08-29T05:45:00, 971.2, 18860.0, 21717.0
2024-08-29T06:00:00, 963.2, 18853.6, 21728.2
2024-08-29T06:15:00, 969.6, 18861.6, 21741.0
2024-08-29T06:30:00, 964.8, 18863.2, 21729.8
2024-08-29T06:45:00, 971.2, 18860.0, 21731.4
2024-08-29T07:00:00, 969.6, 18871.2, 21749.0
2024-08-29T07:15:00, 966.4, 18871.2, 21745.8
2024-08-29T07:30:00, 968.0, 18888.8, 21773.0
2024-08-29T07:45:00, 966.4, 18890.4, 21784.2
2024-08-29T08:00:00, 972.8, 18927.2, 21817.8
2024-08-29T08:15:00, 968.0, 18920.8, 21809.8
2024-08-29T08:30:00, 969.6, 18940.0, 21833.8
2024-08-29T08:45:00, 969.6, 18973.6, 21848.2
2024-08-29T09:00:00, 976.0, 18965.6, 21865.8
2024-08-29T09:15:00, 971.2, 18986.4, 21875.4
2024-08-29T09:30:00, 969.6, 18986.4, 21891.4
2024-08-29T09:45:00, 972.8, 19000.8, 21907.4
2024-08-29T10:00:00, 980.8, 19039.2, 21929.8
2024-08-29T10:15:00, 976.0, 19029.6, 21949.0
2024-08-29T10:30:00, 987.2, 19032.8, 21947.4
2024-08-29T10:45:00, 977.6, 19044.0, 21965.0
2024-08-29T11:00:00, 982.4, 19047.2, 21969.8
2024-08-29T11:15:00, 987.2, 19084.0, 21987.4
2024-08-29T11:30:00, 987.2, 19077.6, 21990.6
2024-08-29T11:45:00, 984.0, 19101.6, 22009.8
2024-08-29T12:00:00, 985.6, 19132.0, 22040.2
2024-08-29T12:15:00, 980.8, 19128.8, 22035.4
2024-08-29T12:30:00, 985.6, 19136.8, 22041.8
2024-08-29T12:45:00, 1000.0, 19308.0, 22262.6
2024-08-29T13:00:00, 1011.2, 19472.8, 22457.8
2024-08-29T13:15:00, 1011.2, 19389.6, 22341.0
2024-08-29T13:30:00, 1000.0, 19284.0, 22233.8
2024-08-29T13:45:00, 990.4, 19264.8, 22209.8
2024-08-29T14:00:00, 992.0, 19173.6, 22091.4
2024-08-29T14:15:00, 977.6, 19136.8, 22045.0
2024-08-29T14:30:00, 985.6, 19125.6, 22041.8
2024-08-29T14:45:00, 979.2, 19120.8, 22040.2
2024-08-29T15:00:00, 984.0, 19120.8, 22024.2
2024-08-29T15:15:00, 979.2, 19109.6, 22011.4
2024-08-29T15:30:00, 984.0, 19103.2, 22003.4
2024-08-29T15:45:00, 988.8, 19103.2, 22014.6
2024-08-29T16:00:00, 977.6, 19084.0, 21979.4
2024-08-29T16:15:00, 979.2, 19095.2, 21973.0
2024-08-29T16:30:00, 980.8, 19082.4, 21971.4
2024-08-29T16:45:00, 971.2, 19084.0, 21973.0
2024-08-29T17:00:00, 982.4, 19068.0, 21957.0
2024-08-29T17:15:00, 972.8, 19064.8, 21958.6
2024-08-29T17:30:00, 979.2, 19068.0, 21945.8
2024-08-29T17:45:00, 977.6, 19056.8, 21947.4
2024-08-29T18:00:00, 980.8, 19037.6, 21937.8
2024-08-29T18:15:00, 976.0, 19039.2, 21929.8
2024-08-29T18:30:00, 977.6, 19047.2, 21918.6
2024-08-29T18:45:00, 984.0, 19028.0, 21913.8
2024-08-29T19:00:00, 984.0, 19026.4, 21917.0
2024-08-29T19:15:00, 980.8, 19007.2, 21888.2
2024-08-29T19:30:00, 984.0, 18992.8, 21897.8
2024-08-29T19:45:00, 984.0, 18986.4, 21881.8
2024-08-29T20:00:00, 974.4, 18972.0, 21853.0
2024-08-29T20:15:00, 977.6, 18970.4, 21841.8
2024-08-29T20:30:00, 971.2, 18980.0, 21846.6
2024-08-29T20:45:00, 977.6, 18972.0, 21848.2
2024-08-29T21:00:00, 976.0, 18970.4, 21848.2
2024-08-29T21:15:00, 966.4, 18962.4, 21845.0
2024-08-29T21:30:00, 972.8, 18965.6, 21837.0
2024-08-29T21:45:00, 976.0, 18957.6, 21845.0
2024-08-29T22:00:00, 987.2, 18978.4, 21827.4
2024-08-29T22:15:00, 974.4, 18968.8, 21833.8
2024-08-29T22:30:00, 974.4, 18959.2, 21822.6
2024-08-29T22:45:00, 974.4, 18962.4, 21832.2
2024-08-29T23:00:00, 964.8, 18954.4, 21822.6
2024-08-29T23:15:00, 972.8, 18964.0, 21835.4
2024-08-29T23:30:00, 969.6, 18970.4, 21827.4
2024-08-29T23:45:00, 980.8, 18970.4, 21827.4
2024-08-30T00:00:00, 979.2, 18972.0, 21833.8
2024-08-30T00:15:00, 980.8, 18975.2, 21837.0
2024-08-30T00:30:00, 969.6, 18967.2, 21837.0
2024-08-30T00:45:00, 974.4, 18959.2, 21832.2
2024-08-30T01:00:00, 984.0, 18964.0, 21819.4
2024-08-30T01:15:00, 979.2, 18957.6, 21832.2
2024-08-30T01:30:00, 974.4, 18956.0, 21813.0
2024-08-30T01:45:00, 971.2, 18960.8, 21813.0
2024-08-30T02:00:00, 968.0, 18949.6, 21821.0
2024-08-30T02:15:00, 972.8, 18960.8, 21811.4
2024-08-30T02:30:00, 974.4, 18951.2, 21803.4
2024-08-30T02:45:00, 974.4, 18967.2, 21817.8
2024-08-30T03:00:00, 968.0, 18967.2, 21819.4
2024-08-30T03:15:00, 972.8, 18962.4, 21816.2
2024-08-30T03:30:00, 972.8, 18952.8, 21811.4
2024-08-30T03:45:00, 972.8, 18952.8, 21801.8
2024-08-30T04:00:00, 969.6, 18957.6, 21816.2
2024-08-30T04:15:00, 969.6, 18964.0, 21814.6
2024-08-30T04:30:00, 976.0, 18962.4, 21821.0
2024-08-30T04:45:00, 968.0, 18962.4, 21814.6
2024-08-30T05:00:00, 968.0, 18962.4, 21813.0
2024-08-30T05:15:00, 979.2, 18954.4, 21816.2
2024-08-30T05:30:00, 976.0, 18957.6, 21819.4
2024-08-30T05:45:00, 976.0, 18967.2, 21817.8
2024-08-30T06:00:00, 972.8, 18965.6, 21817.8
2024-08-30T06:15:00, 964.8, 18962.4, 21814.6
2024-08-30T06:30:00, 966.4, 18962.4, 21809.8
2024-08-30T06:45:00, 974.4, 18954.4, 21805.0
2024-08-30T07:00:00, 974.4, 18962.4, 21819.4
2024-08-30T07:15:00, 972.8, 18970.4, 21829.0
2024-08-30T07:30:00, 971.2, 18970.4, 21830.6
2024-08-30T07:45:00, 977.6, 18983.2, 21853.0
2024-08-30T08:00:00, 974.4, 18994.4, 21859.4
2024-08-30T08:15:00, 969.6, 19010.4, 21885.0
2024-08-30T08:30:00, 968.0, 19010.4, 21901.0
2024-08-30T08:45:00, 974.4, 19029.6, 21918.6
2024-08-30T09:00:00, 976.0, 19055.2, 21923.4
2024-08-30T09:15:00, 993.6, 19071.2, 21928.2
2024-08-30T09:30:00, 976.0, 19085.6, 21960.2
2024-08-30T09:45:00, 982.4, 19100.0, 21966.6
2024-08-30T10:00:00, 984.0, 19128.8, 22001.8
2024-08-30T10:15:00, 980.8, 19128.8, 21998.6
2024-08-30T10:30:00, 982.4, 19130.4, 22000.2
2024-08-30T10:45:00, 974.4, 19130.4, 22022.6
2024-08-30T11:00:00, 976.0, 19136.8, 22008.2
2024-08-30T11:15:00, 974.4, 19130.4, 22029.0
2024-08-30T11:30:00, 980.8, 19148.0, 22037.0
2024-08-30T11:45:00, 987.2, 19160.8, 22051.4
2024-08-30T12:00:00, 984.0, 19173.6, 22059.4
2024-08-30T12:15:00, 979.2, 19194.4, 22064.2
2024-08-30T12:30:00, 985.6, 19207.2, 22091.4
2024-08-30T12:45:00, 988.8, 19167.2, 22062.6
2024-08-30T13:00:00, 988.8, 19221.6, 22121.8
2024-08-30T13:15:00, 982.4, 19247.2, 22136.2
2024-08-30T13:30:00, 992.0, 19272.8, 22171.4
2024-08-30T13:45:00, 990.4, 19266.4, 22169.8
2024-08-30T14:00:00, 993.6, 19224.8, 22097.8
2024-08-30T14:15:00, 988.8, 19200.8, 22064.2
2024-08-30T14:30:00, 988.8, 19173.6, 22037.0
2024-08-30T14:45:00, 979.2, 19143.2, 22013.0
2024-08-30T15:00:00, 982.4, 19144.8, 22022.6
2024-08-30T15:15:00, 985.6, 19154.4, 22027.4
2024-08-30T15:30:00, 977.6, 19154.4, 22025.8
2024-08-30T15:45:00, 979.2, 19138.4, 22014.6
2024-08-30T16:00:00, 980.8, 19146.4, 22006.6
2024-08-30T16:15:00, 982.4, 19128.8, 21977.8
2024-08-30T16:30:00, 985.6, 19127.2, 21974.6
2024-08-30T16:45:00, 987.2, 19124.0, 21985.8
2024-08-30T17:00:00, 980.8, 19128.8, 21976.2
2024-08-30T17:15:00, 984.0, 19116.0, 21965.0
2024-08-30T17:30:00, 982.4, 19103.2, 21963.4
2024-08-30T17:45:00, 980.8, 19095.2, 21933.0
2024-08-30T18:00:00, 979.2, 19085.6, 21939.4
2024-08-30T18:15:00, 976.0, 19100.0, 21937.8
2024-08-30T18:30:00, 974.4, 19084.0, 21931.4
2024-08-30T18:45:00, 980.8, 19080.8, 21933.0
2024-08-30T19:00:00, 976.0, 19066.4, 21923.4
2024-08-30T19:15:00, 979.2, 19072.8, 21912.2
2024-08-30T19:30:00, 977.6, 19044.0, 21889.8
2024-08-30T19:45:00, 974.4, 19026.4, 21861.0
2024-08-30T20:00:00, 984.0, 19007.2, 21861.0
2024-08-30T20:15:00, 969.6, 19008.8, 21846.6
2024-08-30T20:30:00, 980.8, 19012.0, 21843.4
2024-08-30T20:45:00, 964.8, 19007.2, 21848.2
2024-08-30T21:00:00, 987.2, 18992.8, 21848.2
2024-08-30T21:15:00, 993.6, 18996.0, 21851.4
2024-08-30T21:30:00, 977.6, 19000.8, 21854.6
2024-08-30T21:45:00, 982.4, 19002.4, 21856.2
2024-08-30T22:00:00, 985.6, 18986.4, 21840.2
2024-08-30T22:15:00, 972.8, 18994.4, 21830.6
2024-08-30T22:30:00, 979.2, 18984.8, 21838.6
2024-08-30T22:45:00, 985.6, 18981.6, 21835.4
2024-08-30T23:00:00, 974.4, 18972.0, 21835.4
2024-08-30T23:15:00, 974.4, 19008.8, 21832.2
2024-08-30T23:30:00, 976.0, 19000.8, 21827.4
