Time,SM1,SM2,SM3
2024-08-22T16:00:00, 260.8, 20344.8, 1108.8
2024-08-22T16:15:00, 246.4, 20450.5, 1113.6
2024-08-22T16:30:00, 246.4, 20396.0, 1105.6
2024-08-22T16:45:00, 259.2, 20287.2, 1099.2
2024-08-22T17:00:00, 254.4, 20237.6, 1100.8
2024-08-22T17:15:00, 249.6, 20237.6, 1105.6
2024-08-22T17:30:00, 252.8, 20223.2, 1099.2
2024-08-22T17:45:00, 238.4, 20197.6, 1107.2
2024-08-22T18:00:00, 241.6, 20162.4, 1099.2
2024-08-22T18:15:00, 246.4, 20124.0, 1092.8
2024-08-22T18:30:00, 257.6, 20074.4, 1094.4
2024-08-22T18:45:00, 246.4, 20039.2, 1083.2
2024-08-22T19:00:00, 252.8, 20037.6, 1089.6
2024-08-22T19:15:00, 249.6, 20012.0, 1081.6
2024-08-22T19:30:00, 246.4, 19981.6, 1088.0
2024-08-22T19:45:00, 249.6, 19946.4, 1086.4
2024-08-22T20:00:00, 243.2, 19912.8, 1080.0
2024-08-22T20:15:00, 233.6, 19885.6, 1078.4
2024-08-22T20:30:00, 238.4, 19852.0, 1073.6
2024-08-22T20:45:00, 257.6, 19823.2, 1083.2
2024-08-22T21:00:00, 235.2, 19783.2, 1073.6
2024-08-22T21:15:00, 244.8, 19786.4, 1081.6
2024-08-22T21:30:00, 248.0, 19772.0, 1081.6
2024-08-22T21:45:00, 246.4, 19775.2, 1076.8
2024-08-22T22:00:00, 244.8, 19762.4, 1072.0
2024-08-22T22:15:00, 236.8, 19772.0, 1073.6
2024-08-22T22:30:00, 243.2, 19780.0, 1076.8
2024-08-22T22:45:00, 241.6, 19788.0, 1080.0
2024-08-22T23:00:00, 246.4, 19783.2, 1070.4
2024-08-22T23:15:00, 252.8, 19778.4, 1076.8
2024-08-22T23:30:00, 254.4, 19770.4, 1073.6
2024-08-22T23:45:00, 244.8, 19760.8, 1067.2
2024-08-23T00:00:00, 249.6, 19762.4, 1075.2
2024-08-23T00:15:00, 233.6, 19762.4, 1084.8
2024-08-23T00:30:00, 249.6, 19743.2, 1070.4
2024-08-23T00:45:00, 257.6, 19756.0, 1075.2
2024-08-23T01:00:00, 249.6, 19751.2, 1081.6
2024-08-23T01:15:00, 248.0, 19740.0, 1073.6
2024-08-23T01:30:00, 251.2, 19732.0, 1070.4
2024-08-23T01:45:00, 251.2, 19744.8, 1076.8
2024-08-23T02:00:00, 241.6, 19760.8, 1075.2
2024-08-23T02:15:00, 260.8, 19736.8, 1076.8
2024-08-23T02:30:00, 248.0, 19733.6, 1070.4
2024-08-23T02:45:00, 244.8, 19712.8, 1068.8
2024-08-23T03:00:00, 256.0, 19692.0, 1080.0
2024-08-23T03:15:00, 249.6, 19685.6, 1070.4
2024-08-23T03:30:00, 251.2, 19674.4, 1070.4
2024-08-23T03:45:00, 259.2, 19660.0, 1068.8
2024-08-23T04:00:00, 240.0, 19660.0, 1070.4
2024-08-23T04:15:00, 246.4, 19652.0, 1068.8
2024-08-23T04:30:00, 262.4, 19642.4, 1070.4
2024-08-23T04:45:00, 252.8, 19639.2, 1070.4
2024-08-23T05:00:00, 246.4, 19628.0, 1068.8
2024-08-23T05:15:00, 252.8, 19628.0, 1067.2
2024-08-23T05:30:00, 254.4, 19631.2, 1067.2
2024-08-23T05:45:00, 246.4, 19618.4, 1067.2
2024-08-23T06:00:00, 246.4, 19608.8, 1073.6
2024-08-23T06:15:00, 251.2, 19626.4, 1072.0
2024-08-23T06:30:00, 256.0, 19626.4, 1060.8
2024-08-23T06:45:00, 238.4, 19628.0, 1068.8
2024-08-23T07:00:00, 257.6, 19640.8, 1067.2
2024-08-23T07:15:00, 249.6, 19666.4, 1070.4
2024-08-23T07:30:00, 249.6, 19663.2, 1075.2
2024-08-23T07:45:00, 246.4, 19719.2, 1076.8
2024-08-23T08:00:00, 256.0, 19764.0, 1073.6
2024-08-23T08:15:00, 246.4, 19807.2, 1076.8
2024-08-23T08:30:00, 256.0, 19876.0, 1075.2
2024-08-23T08:45:00, 243.2, 19919.2, 1086.4
2024-08-23T09:00:00, 256.0, 19936.8, 1084.8
2024-08-23T09:15:00, 248.0, 19973.6, 1094.4
2024-08-23T09:30:00, 254.4, 20005.6, 1096.0
2024-08-23T09:45:00, 254.4, 20029.6, 1092.8
2024-08-23T10:00:00, 256.0, 20074.4, 1089.6
2024-08-23T10:15:00, 249.6, 20109.6, 1097.6
2024-08-23T10:30:00, 233.6, 20117.6, 1088.0
2024-08-23T10:45:00, 251.2, 20116.0, 1091.2
2024-08-23T11:00:00, 240.0, 20124.0, 1088.0
2024-08-23T11:15:00, 246.4, 20170.4, 1100.8
2024-08-23T11:30:00, 241.6, 20183.2, 1097.6
2024-08-23T11:45:00, 259.2, 20181.6, 1118.4
2024-08-23T12:00:00, 251.2, 20226.4, 1094.4
2024-08-23T12:15:00, 262.4, 20410.4, 1116.8
2024-08-23T12:30:00, 252.8, 20471.7, 1219.2
2024-08-23T12:45:00, 235.2, 20528.2, 21531.4
2024-08-23T13:00:00, 232.0, 20560.2, 21557.0
2024-08-23T13:15:00, 252.8, 20391.2, 21355.4
2024-08-23T13:30:00, 251.2, 20280.8, 21257.8
2024-08-23T13:45:00, 228.8, 20271.2, 21233.8
2024-08-23T14:00:00, 240.0, 20247.2, 21214.6
2024-08-23T14:15:00, 252.8, 20269.6, 21237.0
2024-08-23T14:30:00, 232.0, 20475.2, 21454.6
2024-08-23T14:45:00, 232.0, 20653.0, 21662.6
2024-08-23T15:00:00, 236.8, 20691.4, 21702.6
2024-08-23T15:15:00, 246.4, 20423.2, 21395.4
2024-08-23T15:30:00, 248.0, 20466.8, 21440.2
2024-08-23T15:45:00, 254.4, 20651.4, 21643.4
2024-08-23T16:00:00, 248.0, 20476.7, 21454.6
2024-08-23T16:15:00, 248.0, 20625.8, 21605.0
2024-08-23T16:30:00, 243.2, 20513.7, 21517.0
2024-08-23T16:45:00, 233.6, 20319.2, 21281.8
2024-08-23T17:00:00, 228.8, 20279.2, 21237.0
2024-08-23T17:15:00, 220.8, 20239.2, 21179.4
2024-08-23T17:30:00, 236.8, 20197.6, 21157.0
2024-08-23T17:45:00, 240.0, 20197.6, 21136.2
2024-08-23T18:00:00, 236.8, 20178.4, 21128.2
2024-08-23T18:15:00, 256.0, 20140.0, 21077.0
2024-08-23T18:30:00, 248.0, 20125.6, 21051.4
2024-08-23T18:45:00, 235.2, 20104.8, 21045.0
2024-08-23T19:00:00, 249.6, 20074.4, 21013.0
2024-08-23T19:15:00, 246.4, 20048.8, 20981.0
2024-08-23T19:30:00, 246.4, 20012.0, 20936.2
2024-08-23T19:45:00, 228.8, 19981.6, 20902.6
2024-08-23T20:00:00, 238.4, 19944.8, 20889.8
2024-08-23T20:15:00, 233.6, 19919.2, 20840.2
2024-08-23T20:30:00, 243.2, 19901.6, 20814.6
2024-08-23T20:45:00, 256.0, 19898.4, 20801.8
2024-08-23T21:00:00, 236.8, 19887.2, 20798.6
2024-08-23T21:15:00, 228.8, 19856.8, 20779.4
2024-08-23T21:30:00, 230.4, 19861.6, 20773.0
2024-08-23T21:45:00, 241.6, 19853.6, 20755.4
2024-08-23T22:00:00, 238.4, 19850.4, 20758.6
2024-08-23T22:15:00, 235.2, 19864.8, 20769.8
2024-08-23T22:30:00, 233.6, 19858.4, 20760.2
2024-08-23T22:45:00, 238.4, 19866.4, 20769.8
2024-08-23T23:00:00, 238.4, 19869.6, 20777.8
2024-08-23T23:15:00, 248.0, 19868.0, 20773.0
2024-08-23T23:30:00, 232.0, 19869.6, 20773.0
2024-08-23T23:45:00, 238.4, 19879.2, 20777.8
2024-08-24T00:00:00, 233.6, 19864.8, 20769.8
2024-08-24T00:15:00, 238.4, 19863.2, 20765.0
2024-08-24T00:30:00, 252.8, 19866.4, 20753.8
2024-08-24T00:45:00, 235.2, 19860.0, 20736.2
2024-08-24T01:00:00, 230.4, 19834.4, 20728.2
2024-08-24T01:15:00, 249.6, 19804.0, 20718.6
2024-08-24T01:30:00, 244.8, 19820.0, 20699.4
2024-08-24T01:45:00, 240.0, 19796.0, 20696.2
2024-08-24T02:00:00, 243.2, 19781.6, 20685.0
2024-08-24T02:15:00, 236.8, 19788.0, 20686.6
2024-08-24T02:30:00, 241.6, 19799.2, 20686.6
2024-08-24T02:45:00, 241.6, 19792.8, 20696.2
2024-08-24T03:00:00, 233.6, 19792.8, 20691.4
2024-08-24T03:15:00, 241.6, 19813.6, 20688.2
2024-08-24T03:30:00, 241.6, 19813.6, 20683.4
2024-08-24T03:45:00, 236.8, 19804.0, 20683.4
2024-08-24T04:00:00, 241.6, 19813.6, 20688.2
2024-08-24T04:15:00, 243.2, 19807.2, 20673.8
2024-08-24T04:30:00, 236.8, 19808.8, 20657.8
2024-08-24T04:45:00, 238.4, 19813.6, 20664.2
2024-08-24T05:00:00, 243.2, 19824.8, 20689.8
2024-08-24T05:15:00, 246.4, 19804.0, 20702.6
2024-08-24T05:30:00, 228.8, 19829.6, 20707.4
2024-08-24T05:45:00, 230.4, 19829.6, 20704.2
2024-08-24T06:00:00, 235.2, 19815.2, 20683.4
2024-08-24T06:15:00, 238.4, 19831.2, 20696.2
2024-08-24T06:30:00, 232.0, 19826.4, 20665.8
2024-08-24T06:45:00, 249.6, 19826.4, 19864.8
2024-08-24T07:00:00, 243.2, 19837.6, 20689.8
2024-08-24T07:15:00, 246.4, 19872.8, 7508.2
2024-08-24T07:30:00, 254.4, 19868.0, 7935.4
2024-08-24T07:45:00, 243.2, 19901.6, 16773.4
2024-08-24T08:00:00, 260.8, 19956.0, 11861.2
2024-08-24T08:15:00, 267.2, 20005.6, 1078.4
2024-08-24T08:30:00, 254.4, 20037.6, 1088.0
2024-08-24T08:45:00, 248.0, 20085.6, 1091.2
2024-08-24T09:00:00, 249.6, 20101.6, 1078.4
2024-08-24T09:15:00, 246.4, 20111.2, 6476.2
2024-08-24T09:30:00, 244.8, 20117.6, 11829.2
2024-08-24T09:45:00, 232.0, 20138.4, 21033.8
2024-08-24T10:00:00, 240.0, 20157.6, 21061.0
2024-08-24T10:15:00, 228.8, 20226.4, 21147.4
2024-08-24T10:30:00, 236.8, 20202.4, 21131.4
2024-08-24T10:45:00, 241.6, 20231.2, 21144.2
2024-08-24T11:00:00, 240.0, 20256.8, 21160.2
2024-08-24T11:15:00, 236.8, 20276.0, 21193.8
2024-08-24T11:30:00, 233.6, 20306.4, 21232.2
2024-08-24T11:45:00, 228.8, 20317.6, 21240.2
2024-08-24T12:00:00, 228.8, 20346.4, 21257.8
2024-08-24T12:15:00, 235.2, 20544.2, 21483.4
2024-08-24T12:30:00, 246.4, 20659.4, 21597.0
2024-08-24T12:45:00, 243.2, 20781.0, 21750.6
2024-08-24T13:00:00, 243.2, 20800.2, 21766.6
2024-08-24T13:15:00, 243.2, 20566.6, 21502.6
2024-08-24T13:30:00, 230.4, 20463.3, 21385.8
2024-08-24T13:45:00, 235.2, 20442.4, 21361.8
2024-08-24T14:00:00, 243.2, 20423.2, 21341.0
2024-08-24T14:15:00, 243.2, 20439.2, 21355.4
2024-08-24T14:30:00, 241.6, 20629.0, 21571.4
2024-08-24T14:45:00, 240.0, 20878.6, 21830.6
2024-08-24T15:00:00, 230.4, 20897.8, 21861.0
2024-08-24T15:15:00, 241.6, 20598.6, 21534.6
2024-08-24T15:30:00, 254.4, 20625.8, 21555.4
2024-08-24T15:45:00, 246.4, 20821.0, 21781.0
2024-08-24T16:00:00, 238.4, 20648.2, 21589.0
2024-08-24T16:15:00, 238.4, 20830.6, 21790.6
2024-08-24T16:30:00, 251.2, 20753.8, 21688.2
2024-08-24T16:45:00, 260.8, 20504.2, 21425.8
2024-08-24T17:00:00, 240.0, 20466.5, 21382.6
2024-08-24T17:15:00, 235.2, 20388.0, 21309.0
2024-08-24T17:30:00, 236.8, 20354.4, 21270.6
2024-08-24T17:45:00, 224.0, 20320.8, 21254.6
2024-08-24T18:00:00, 232.0, 20325.6, 21240.2
2024-08-24T18:15:00, 238.4, 20277.6, 21197.0
2024-08-24T18:30:00, 249.6, 20264.8, 21166.6
2024-08-24T18:45:00, 235.2, 20229.6, 21149.0
2024-08-24T19:00:00, 241.6, 20218.4, 21129.8
2024-08-24T19:15:00, 236.8, 20194.4, 21088.2
2024-08-24T19:30:00, 228.8, 20148.0, 21057.8
2024-08-24T19:45:00, 241.6, 20141.6, 21025.8
2024-08-24T20:00:00, 244.8, 20114.4, 20998.6
2024-08-24T20:15:00, 252.8, 20077.6, 20960.2
2024-08-24T20:30:00, 241.6, 20055.2, 20939.4
2024-08-24T20:45:00, 230.4, 20040.8, 20910.6
2024-08-24T21:00:00, 230.4, 20010.4, 20899.4
2024-08-24T21:15:00, 241.6, 20010.4, 20896.2
2024-08-24T21:30:00, 238.4, 20007.2, 20889.8
2024-08-24T21:45:00, 230.4, 19994.4, 20885.0
2024-08-24T22:00:00, 240.0, 20002.4, 20883.4
2024-08-24T22:15:00, 244.8, 20008.8, 20888.2
2024-08-24T22:30:00, 232.0, 20005.6, 20886.6
2024-08-24T22:45:00, 246.4, 20013.6, 20885.0
2024-08-24T23:00:00, 235.2, 19997.6, 20888.2
2024-08-24T23:15:00, 244.8, 20002.4, 20886.6
2024-08-24T23:30:00, 236.8, 19978.4, 20878.6
2024-08-24T23:45:00, 238.4, 20002.4, 20881.8
2024-08-25T00:00:00, 241.6, 20015.2, 20899.4
2024-08-25T00:15:00, 233.6, 20015.2, 20891.4
2024-08-25T00:30:00, 243.2, 20010.4, 20901.0
2024-08-25T00:45:00, 254.4, 20034.4, 20897.8
2024-08-25T01:00:00, 246.4, 20020.0, 20910.6
2024-08-25T01:15:00, 244.8, 20032.8, 20912.2
2024-08-25T01:30:00, 238.4, 20052.0, 20929.8
2024-08-25T01:45:00, 244.8, 20066.4, 20928.2
2024-08-25T02:00:00, 241.6, 20048.8, 20923.4
2024-08-25T02:15:00, 249.6, 20047.2, 20931.4
2024-08-25T02:30:00, 249.6, 20029.6, 20910.6
2024-08-25T02:45:00, 257.6, 20020.0, 20902.6
2024-08-25T03:00:00, 246.4, 20012.0, 20896.2
2024-08-25T03:15:00, 246.4, 20010.4, 20889.8
2024-08-25T03:30:00, 246.4, 20005.6, 20881.8
2024-08-25T03:45:00, 241.6, 20020.0, 20889.8
2024-08-25T04:00:00, 243.2, 20042.4, 20920.2
2024-08-25T04:15:00, 249.6, 20048.8, 20926.6
2024-08-25T04:30:00, 243.2, 20061.6, 20926.6
2024-08-25T04:45:00, 262.4, 20058.4, 20913.8
2024-08-25T05:00:00, 251.2, 20096.8, 20881.8
2024-08-25T05:15:00, 240.0, 20069.6, 20921.8
2024-08-25T05:30:00, 251.2, 20053.6, 20878.6
2024-08-25T05:45:00, 262.4, 20042.4, 20723.4
2024-08-25T06:00:00, 254.4, 20058.4, 19863.2
2024-08-25T06:15:00, 249.6, 20047.2, 20883.4
2024-08-25T06:30:00, 244.8, 20042.4, 20809.8
2024-08-25T06:45:00, 262.4, 20040.8, 19816.8
2024-08-25T07:00:00, 251.2, 20064.8, 16267.0
2024-08-25T07:15:00, 241.6, 20109.6, 8650.0
2024-08-25T07:30:00, 260.8, 20130.4, 14332.6
2024-08-25T07:45:00, 260.8, 20141.6, 11506.0
2024-08-25T08:00:00, 252.8, 20133.6, 20447.2
2024-08-25T08:15:00, 251.2, 20157.6, 14692.6
2024-08-25T08:30:00, 252.8, 20180.0, 18031.2
2024-08-25T08:45:00, 246.4, 20172.0, 21051.4
2024-08-25T09:00:00, 243.2, 20160.8, 21025.8
2024-08-25T09:15:00, 233.6, 20148.0, 21000.2
2024-08-25T09:30:00, 241.6, 20127.2, 20952.2
2024-08-25T09:45:00, 235.2, 20130.4, 20944.2
2024-08-25T10:00:00, 233.6, 20127.2, 20963.4
2024-08-25T10:15:00, 236.8, 20120.8, 20968.2
2024-08-25T10:30:00, 254.4, 20165.6, 11610.0
2024-08-25T10:45:00, 256.0, 20199.2, 15876.6
2024-08-25T11:00:00, 254.4, 20199.2, 8140.2
2024-08-25T11:15:00, 251.2, 20199.2, 1099.2
2024-08-25T11:30:00, 249.6, 20170.4, 10109.2
2024-08-25T11:45:00, 241.6, 20162.4, 20825.8
2024-08-25T12:00:00, 262.4, 20165.6, 1089.6
2024-08-25T12:15:00, 257.6, 20175.2, 1112.0
2024-08-25T12:30:00, 244.8, 20138.4, 20909.0
2024-08-25T12:45:00, 251.2, 20172.0, 1086.4
2024-08-25T13:00:00, 254.4, 20188.0, 1097.6
2024-08-25T13:15:00, 249.6, 20266.4, 1092.8
2024-08-25T13:30:00, 254.4, 20279.2, 17719.2
2024-08-25T13:45:00, 228.8, 20272.8, 21173.0
2024-08-25T14:00:00, 246.4, 20242.4, 20111.2
2024-08-25T14:15:00, 246.4, 20208.8, 21110.6
2024-08-25T14:30:00, 243.2, 20194.4, 21093.0
2024-08-25T14:45:00, 235.2, 20213.6, 21093.0
2024-08-25T15:00:00, 249.6, 20207.2, 21112.2
2024-08-25T15:15:00, 238.4, 20216.8, 21102.6
2024-08-25T15:30:00, 243.2, 20172.0, 21065.8
2024-08-25T15:45:00, 252.8, 20205.6, 21091.4
2024-08-25T16:00:00, 241.6, 20176.8, 21078.6
2024-08-25T16:15:00, 248.0, 20176.8, 21064.2
2024-08-25T16:30:00, 240.0, 20189.6, 21073.8
2024-08-25T16:45:00, 240.0, 20157.6, 21053.0
2024-08-25T17:00:00, 248.0, 20128.8, 21011.4
2024-08-25T17:15:00, 246.4, 20092.0, 20984.2
2024-08-25T17:30:00, 236.8, 20060.0, 20952.2
2024-08-25T17:45:00, 230.4, 20052.0, 20933.0
2024-08-25T18:00:00, 248.0, 20048.8, 20923.4
2024-08-25T18:15:00, 233.6, 20032.8, 20918.6
2024-08-25T18:30:00, 241.6, 20032.8, 20893.0
2024-08-25T18:45:00, 236.8, 20015.2, 20809.8
2024-08-25T19:00:00, 233.6, 19997.6, 20856.2
2024-08-25T19:15:00, 248.0, 19994.4, 17461.6
2024-08-25T19:30:00, 248.0, 19976.8, 20805.0
2024-08-25T19:45:00, 246.4, 19988.0, 20154.4
2024-08-25T20:00:00, 243.2, 19973.6, 19188.0
2024-08-25T20:15:00, 244.8, 19960.8, 20808.2
2024-08-25T20:30:00, 236.8, 19949.6, 20819.4
2024-08-25T20:45:00, 232.0, 19943.2, 20821.0
2024-08-25T21:00:00, 246.4, 19941.6, 20803.4
2024-08-25T21:15:00, 251.2, 19941.6, 20753.8
2024-08-25T21:30:00, 246.4, 19898.4, 20776.2
2024-08-25T21:45:00, 243.2, 19900.0, 20373.6
2024-08-25T22:00:00, 244.8, 19885.6, 20512.2
2024-08-25T22:15:00, 241.6, 19879.2, 20697.8
2024-08-25T22:30:00, 233.6, 19864.8, 20776.2
2024-08-25T22:45:00, 248.0, 19853.6, 20737.8
2024-08-25T23:00:00, 244.8, 19866.4, 15654.2
2024-08-25T23:15:00, 248.0, 19852.0, 20581.0
2024-08-25T23:30:00, 249.6, 19848.8, 9694.8
2024-08-25T23:45:00, 248.0, 19848.8, 14062.2
2024-08-26T00:00:00, 249.6, 19839.2, 17210.4
2024-08-26T00:15:00, 246.4, 19840.8, 17632.8
2024-08-26T00:30:00, 252.8, 19847.2, 7212.2
2024-08-26T00:45:00, 254.4, 19812.0, 13641.4
2024-08-26T01:00:00, 244.8, 19839.2, 8381.2
2024-08-26T01:15:00, 246.4, 19810.4, 17023.2
2024-08-26T01:30:00, 243.2, 19816.8, 10885.2
2024-08-26T01:45:00, 248.0, 19800.8, 12375.8
2024-08-26T02:00:00, 249.6, 19813.6, 1064.0
2024-08-26T02:15:00, 238.4, 19789.6, 1059.2
2024-08-26T02:30:00, 249.6, 19786.4, 1054.4
2024-08-26T02:45:00, 248.0, 19757.6, 1062.4
2024-08-26T03:00:00, 244.8, 19775.2, 1057.6
2024-08-26T03:15:00, 241.6, 19773.6, 1049.6
2024-08-26T03:30:00, 252.8, 19762.4, 1052.8
2024-08-26T03:45:00, 244.8, 19756.0, 1052.8
2024-08-26T04:00:00, 254.4, 19754.4, 1049.6
2024-08-26T04:15:00, 259.2, 19786.4, 1036.8
2024-08-26T04:30:00, 251.2, 19823.2, 987.2
2024-08-26T04:45:00, 240.0, 19839.2, 968.0
2024-08-26T05:00:00, 248.0, 19861.6, 950.4
2024-08-26T05:15:00, 260.8, 19863.2, 955.2
2024-08-26T05:30:00, 257.6, 19847.2, 947.2
2024-08-26T05:45:00, 246.4, 19816.8, 944.0
2024-08-26T06:00:00, 241.6, 19815.2, 940.8
2024-08-26T06:15:00, 240.0, 19807.2, 945.6
2024-08-26T06:30:00, 248.0, 19786.4, 939.2
2024-08-26T06:45:00, 251.2, 19810.4, 948.8
2024-08-26T07:00:00, 241.6, 19807.2, 937.6
2024-08-26T07:15:00, 254.4, 19845.6, 934.4
2024-08-26T07:30:00, 230.4, 19866.4, 916.8
2024-08-26T07:45:00, 243.2, 19909.6, 920.0
2024-08-26T08:00:00, 248.0, 19932.0, 920.0
2024-08-26T08:15:00, 254.4, 19976.8, 921.6
2024-08-26T08:30:00, 252.8, 20000.8, 921.6
2024-08-26T08:45:00, 254.4, 19984.8, 939.2
2024-08-26T09:00:00, 251.2, 20008.8, 948.8
2024-08-26T09:15:00, 240.0, 20031.2, 971.2
2024-08-26T09:30:00, 240.0, 20079.2, 990.4
2024-08-26T09:45:00, 256.0, 20069.6, 1016.0
2024-08-26T10:00:00, 241.6, 20100.0, 1035.2
2024-08-26T10:15:00, 241.6, 20055.2, 1046.4
2024-08-26T10:30:00, 254.4, 20064.8, 1043.2
2024-08-26T10:45:00, 246.4, 20106.4, 1065.6
2024-08-26T11:00:00, 248.0, 20122.4, 1072.0
2024-08-26T11:15:00, 248.0, 20148.0, 1075.2
2024-08-26T11:30:00, 241.6, 20151.2, 1073.6
2024-08-26T11:45:00, 248.0, 20159.2, 1083.2
2024-08-26T12:00:00, 264.0, 20170.4, 1080.0
2024-08-26T12:15:00, 246.4, 20184.8, 1088.0
2024-08-26T12:30:00, 243.2, 20176.8, 1078.4
2024-08-26T12:45:00, 251.2, 20220.0, 1084.8
2024-08-26T13:00:00, 251.2, 20213.6, 6765.8
2024-08-26T13:15:00, 251.2, 20213.6, 17138.4
2024-08-26T13:30:00, 240.0, 20218.4, 21121.8
2024-08-26T13:45:00, 238.4, 20216.8, 21139.4
2024-08-26T14:00:00, 236.8, 20204.0, 21109.0
2024-08-26T14:15:00, 241.6, 20167.2, 21070.6
2024-08-26T14:30:00, 238.4, 20138.4, 21046.6
2024-08-26T14:45:00, 235.2, 20111.2, 21011.4
2024-08-26T15:00:00, 236.8, 20087.2, 20974.6
2024-08-26T15:15:00, 240.0, 20056.8, 20942.6
2024-08-26T15:30:00, 243.2, 20095.2, 20899.4
2024-08-26T15:45:00, 244.8, 20108.0, 20904.2
2024-08-26T16:00:00, 241.6, 20111.2, 21001.8
2024-08-26T16:15:00, 251.2, 20120.8, 16621.6
2024-08-26T16:30:00, 236.8, 20112.8, 20109.6
2024-08-26T16:45:00, 240.0, 20095.2, 20910.6
2024-08-26T17:00:00, 227.2, 20077.6, 20865.8
2024-08-26T17:15:00, 252.8, 20068.0, 16347.1
2024-08-26T17:30:00, 240.0, 20055.2, 16559.2
2024-08-26T17:45:00, 244.8, 20047.2, 16656.8
2024-08-26T18:00:00, 240.0, 20037.6, 19295.2
2024-08-26T18:15:00, 244.8, 20029.6, 19709.6
2024-08-26T18:30:00, 256.0, 20018.4, 19733.6
2024-08-26T18:45:00, 254.4, 20020.0, 15044.6
2024-08-26T19:00:00, 254.4, 20023.2, 14916.6
2024-08-26T19:15:00, 252.8, 20016.8, 14196.6
2024-08-26T19:30:00, 233.6, 20020.0, 18664.8
2024-08-26T19:45:00, 241.6, 20016.8, 20605.0
2024-08-26T20:00:00, 241.6, 20008.8, 15724.6
2024-08-26T20:15:00, 238.4, 19997.6, 17458.4
2024-08-26T20:30:00, 249.6, 19989.6, 20040.8
2024-08-26T20:45:00, 249.6, 20000.8, 20407.2
2024-08-26T21:00:00, 248.0, 19996.0, 18189.6
2024-08-26T21:15:00, 254.4, 19984.8, 20789.0
2024-08-26T21:30:00, 230.4, 19991.2, 20841.8
2024-08-26T21:45:00, 235.2, 19984.8, 20851.4
2024-08-26T22:00:00, 257.6, 19992.8, 20825.8
2024-08-26T22:15:00, 238.4, 19983.2, 20881.8
2024-08-26T22:30:00, 233.6, 19991.2, 20877.0
2024-08-26T22:45:00, 240.0, 19996.0, 20878.6
2024-08-26T23:00:00, 243.2, 20000.8, 20870.6
2024-08-26T23:15:00, 243.2, 19992.8, 20878.6
2024-08-26T23:30:00, 251.2, 19992.8, 20854.6
2024-08-26T23:45:00, 249.6, 20012.0, 4130.2
2024-08-27T00:00:00, 241.6, 19986.4, 16516.0
2024-08-27T00:15:00, 252.8, 19989.6, 9866.0
2024-08-27T00:30:00, 243.2, 19980.0, 16946.4
2024-08-27T00:45:00, 246.4, 19976.8, 10766.8
2024-08-27T01:00:00, 228.8, 19973.6, 14404.6
2024-08-27T01:15:00, 248.0, 19952.8, 14147.0
2024-08-27T01:30:00, 257.6, 19948.0, 17194.4
2024-08-27T01:45:00, 244.8, 19943.2, 12801.4
2024-08-27T02:00:00, 251.2, 19904.8, 10802.0
2024-08-27T02:15:00, 246.4, 19884.0, 11861.2
2024-08-27T02:30:00, 241.6, 19868.0, 10238.8
2024-08-27T02:45:00, 252.8, 19850.4, 11733.2
2024-08-27T03:00:00, 257.6, 19842.4, 9386.0
2024-08-27T03:15:00, 244.8, 19839.2, 8643.6
2024-08-27T03:30:00, 252.8, 19837.6, 7002.6
2024-08-27T03:45:00, 265.6, 19872.8, 8851.6
2024-08-27T04:00:00, 249.6, 19896.8, 8220.5
2024-08-27T04:15:00, 233.6, 19908.0, 11610.0
2024-08-27T04:30:00, 254.4, 19925.6, 1070.4
2024-08-27T04:45:00, 244.8, 19909.6, 4557.8
2024-08-27T05:00:00, 252.8, 19893.6, 8172.2
2024-08-27T05:15:00, 259.2, 19866.4, 8181.9
2024-08-27T05:30:00, 246.4, 19853.6, 9272.4
2024-08-27T05:45:00, 259.2, 19831.2, 7199.4
2024-08-27T06:00:00, 251.2, 19847.2, 3668.8
2024-08-27T06:15:00, 249.6, 19836.0, 1081.6
2024-08-27T06:30:00, 233.6, 19845.6, 1044.8
2024-08-27T06:45:00, 248.0, 19856.8, 1052.8
2024-08-27T07:00:00, 236.8, 19861.6, 1040.0
2024-08-27T07:15:00, 249.6, 19890.4, 1046.4
2024-08-27T07:30:00, 252.8, 19927.2, 1051.2
2024-08-27T07:45:00, 243.2, 19925.6, 1044.8
2024-08-27T08:00:00, 260.8, 19970.4, 1054.4
2024-08-27T08:15:00, 249.6, 20000.8, 1054.4
2024-08-27T08:30:00, 252.8, 20004.0, 1048.0
2024-08-27T08:45:00, 252.8, 20023.2, 1056.0
2024-08-27T09:00:00, 254.4, 20048.8, 1073.6
2024-08-27T09:15:00, 260.8, 20066.4, 1072.0
2024-08-27T09:30:00, 249.6, 20085.6, 1083.2
2024-08-27T09:45:00, 256.0, 20119.2, 1081.6
2024-08-27T10:00:00, 254.4, 20127.2, 1083.2
2024-08-27T10:15:00, 240.0, 20172.0, 1083.2
2024-08-27T10:30:00, 248.0, 20157.6, 1088.0
2024-08-27T10:45:00, 257.6, 20152.8, 6356.2
2024-08-27T11:00:00, 254.4, 20170.4, 1113.6
2024-08-27T11:15:00, 249.6, 20188.0, 19010.4
2024-08-27T11:30:00, 249.6, 20205.6, 4265.0
2024-08-27T11:45:00, 230.4, 20189.6, 8755.6
2024-08-27T12:00:00, 256.0, 20234.4, 16933.6
2024-08-27T12:15:00, 243.2, 20324.0, 11222.8
2024-08-27T12:30:00, 227.2, 20505.8, 21374.6
2024-08-27T12:45:00, 249.6, 20605.0, 11352.4
2024-08-27T13:00:00, 238.4, 20637.0, 21574.6
2024-08-27T13:15:00, 238.4, 20407.2, 21304.2
2024-08-27T13:30:00, 241.6, 20311.2, 21232.2
2024-08-27T13:45:00, 230.4, 20296.8, 21200.2
2024-08-27T14:00:00, 235.2, 20295.2, 21201.8
2024-08-27T14:15:00, 238.4, 20300.0, 21206.6
2024-08-27T14:30:00, 240.0, 20396.0, 21315.4
2024-08-27T14:45:00, 252.8, 20649.8, 21613.0
2024-08-27T15:00:00, 240.0, 20645.0, 21595.4
2024-08-27T15:15:00, 248.0, 20399.2, 21323.4
2024-08-27T15:30:00, 230.4, 20408.8, 21317.0
2024-08-27T15:45:00, 236.8, 20595.4, 21525.0
2024-08-27T16:00:00, 244.8, 20423.2, 21345.8
2024-08-27T16:15:00, 246.4, 20648.2, 21582.6
2024-08-27T16:30:00, 254.4, 20640.2, 21557.0
2024-08-27T16:45:00, 240.0, 20380.0, 21288.2
2024-08-27T17:00:00, 244.8, 20295.2, 21198.6
2024-08-27T17:15:00, 243.2, 20261.6, 21149.0
2024-08-27T17:30:00, 248.0, 20216.8, 21123.4
2024-08-27T17:45:00, 248.0, 20210.4, 21101.0
2024-08-27T18:00:00, 246.4, 20194.4, 21101.0
2024-08-27T18:15:00, 248.0, 20176.8, 21070.6
2024-08-27T18:30:00, 246.4, 20160.8, 21046.6
2024-08-27T18:45:00, 244.8, 20149.6, 21043.4
2024-08-27T19:00:00, 240.0, 20127.2, 21025.8
2024-08-27T19:15:00, 244.8, 20117.6, 21006.6
2024-08-27T19:30:00, 240.0, 20103.2, 20997.0
2024-08-27T19:45:00, 244.8, 20082.4, 20966.6
2024-08-27T20:00:00, 244.8, 20052.0, 20941.0
2024-08-27T20:15:00, 241.6, 20045.6, 20915.4
2024-08-27T20:30:00, 243.2, 20029.6, 20905.8
2024-08-27T20:45:00, 236.8, 20016.8, 20877.0
2024-08-27T21:00:00, 243.2, 20028.0, 20795.4
2024-08-27T21:15:00, 243.2, 20021.6, 20766.6
2024-08-27T21:30:00, 246.4, 20020.0, 20577.8
2024-08-27T21:45:00, 244.8, 20018.4, 20853.0
2024-08-27T22:00:00, 243.2, 20005.6, 20862.6
2024-08-27T22:15:00, 249.6, 20010.4, 20878.6
2024-08-27T22:30:00, 233.6, 20020.0, 20883.4
2024-08-27T22:45:00, 238.4, 20013.6, 20877.0
2024-08-27T23:00:00, 228.8, 19996.0, 20817.8
2024-08-27T23:15:00, 236.8, 19988.0, 20837.0
2024-08-27T23:30:00, 246.4, 19989.6, 20843.4
2024-08-27T23:45:00, 241.6, 19964.0, 20827.4
2024-08-28T00:00:00, 252.8, 19973.6, 18596.0
2024-08-28T00:15:00, 230.4, 20005.6, 20752.2
2024-08-28T00:30:00, 244.8, 19991.2, 20827.4
2024-08-28T00:45:00, 257.6, 19994.4, 20601.8
2024-08-28T01:00:00, 240.0, 19972.0, 20819.4
2024-08-28T01:15:00, 252.8, 19997.6, 20835.4
2024-08-28T01:30:00, 244.8, 19988.0, 20830.6
2024-08-28T01:45:00, 246.4, 19972.0, 20825.8
2024-08-28T02:00:00, 238.4, 19981.6, 20824.2
2024-08-28T02:15:00, 240.0, 19968.8, 20808.2
2024-08-28T02:30:00, 243.2, 19964.0, 14758.2
2024-08-28T02:45:00, 252.8, 19975.2, 19330.4
2024-08-28T03:00:00, 252.8, 19988.0, 14678.2
2024-08-28T03:15:00, 251.2, 19984.8, 13508.6
2024-08-28T03:30:00, 246.4, 19989.6, 13236.6
2024-08-28T03:45:00, 252.8, 19992.8, 4524.2
2024-08-28T04:00:00, 246.4, 19980.0, 20797.0
2024-08-28T04:15:00, 249.6, 19968.8, 20801.8
2024-08-28T04:30:00, 251.2, 19970.4, 20264.8
2024-08-28T04:45:00, 256.0, 19960.8, 8778.0
2024-08-28T05:00:00, 246.4, 19960.8, 11982.8
2024-08-28T05:15:00, 244.8, 19965.6, 13235.0
2024-08-28T05:30:00, 249.6, 19959.2, 15935.8
2024-08-28T05:45:00, 248.0, 19949.6, 20416.8
2024-08-28T06:00:00, 254.4, 19956.0, 20497.8
2024-08-28T06:15:00, 249.6, 19948.0, 10059.6
2024-08-28T06:30:00, 249.6, 19964.0, 15755.0
2024-08-28T06:45:00, 248.0, 19954.4, 19716.0
2024-08-28T07:00:00, 252.8, 19967.2, 12475.0
2024-08-28T07:15:00, 252.8, 19978.4, 12146.1
2024-08-28T07:30:00, 241.6, 20015.2, 1049.6
2024-08-28T07:45:00, 241.6, 20064.8, 1182.4
2024-08-28T08:00:00, 256.0, 20076.0, 12715.0
2024-08-28T08:15:00, 254.4, 20127.2, 1062.4
2024-08-28T08:30:00, 249.6, 20159.2, 1067.2
2024-08-28T08:45:00, 249.6, 20181.6, 1062.4
2024-08-28T09:00:00, 248.0, 20202.4, 1072.0
2024-08-28T09:15:00, 254.4, 20228.0, 1081.6
2024-08-28T09:30:00, 243.2, 20240.8, 1084.8
2024-08-28T09:45:00, 251.2, 20260.0, 1089.6
2024-08-28T10:00:00, 249.6, 20301.6, 1089.6
2024-08-28T10:15:00, 243.2, 20303.2, 15572.6
2024-08-28T10:30:00, 254.4, 20295.2, 19492.0
2024-08-28T10:45:00, 252.8, 20309.6, 19888.8
2024-08-28T11:00:00, 252.8, 20332.0, 20135.2
2024-08-28T11:15:00, 252.8, 20368.8, 19672.8
2024-08-28T11:30:00, 240.0, 20384.8, 21211.4
2024-08-28T11:45:00, 236.8, 20391.2, 21232.2
2024-08-28T12:00:00, 248.0, 20413.6, 19141.6
2024-08-28T12:15:00, 252.8, 20497.7, 19740.0
2024-08-28T12:30:00, 251.2, 20745.8, 21387.4
2024-08-28T12:45:00, 249.6, 20809.8, 21688.2
2024-08-28T13:00:00, 249.6, 20801.8, 21707.4
2024-08-28T13:15:00, 244.8, 20595.4, 21488.2
2024-08-28T13:30:00, 238.4, 20507.3, 21403.4
2024-08-28T13:45:00, 240.0, 20481.6, 21357.0
2024-08-28T14:00:00, 241.6, 20469.8, 21345.8
2024-08-28T14:15:00, 246.4, 20465.2, 21344.2
2024-08-28T14:30:00, 244.8, 20520.2, 21414.6
2024-08-28T14:45:00, 240.0, 20822.6, 21729.8
2024-08-28T15:00:00, 243.2, 20825.8, 21717.0
2024-08-28T15:15:00, 236.8, 20558.6, 21461.0
2024-08-28T15:30:00, 249.6, 20552.2, 21430.6
2024-08-28T15:45:00, 252.8, 20702.6, 21603.4
2024-08-28T16:00:00, 243.2, 20595.4, 21501.0
2024-08-28T16:15:00, 241.6, 20809.8, 21694.6
2024-08-28T16:30:00, 248.0, 20829.0, 21709.0
2024-08-28T16:45:00, 244.8, 20547.4, 21443.4
2024-08-28T17:00:00, 238.4, 20471.4, 21352.2
2024-08-28T17:15:00, 251.2, 20407.2, 21281.8
2024-08-28T17:30:00, 236.8, 20373.6, 21259.4
2024-08-28T17:45:00, 244.8, 20357.6, 21238.6
2024-08-28T18:00:00, 240.0, 20357.6, 21222.6
2024-08-28T18:15:00, 236.8, 20341.6, 21190.6
2024-08-28T18:30:00, 244.8, 20316.0, 21169.8
2024-08-28T18:45:00, 243.2, 20288.8, 21150.6
2024-08-28T19:00:00, 243.2, 20264.8, 21121.8
2024-08-28T19:15:00, 252.8, 20228.0, 21088.2
2024-08-28T19:30:00, 232.0, 20191.2, 21061.0
2024-08-28T19:45:00, 243.2, 20176.8, 21035.4
2024-08-28T20:00:00, 230.4, 20152.8, 21009.8
2024-08-28T20:15:00, 233.6, 20141.6, 20982.6
2024-08-28T20:30:00, 232.0, 20133.6, 20941.0
2024-08-28T20:45:00, 241.6, 20101.6, 20926.6
2024-08-28T21:00:00, 233.6, 20085.6, 20920.2
2024-08-28T21:15:00, 243.2, 20055.2, 20877.0
2024-08-28T21:30:00, 254.4, 20048.8, 20841.8
2024-08-28T21:45:00, 241.6, 20032.8, 20880.2
2024-08-28T22:00:00, 236.8, 20013.6, 20872.2
2024-08-28T22:15:00, 238.4, 20026.4, 20875.4
2024-08-28T22:30:00, 243.2, 20015.2, 20862.6
2024-08-28T22:45:00, 228.8, 20026.4, 20832.2
2024-08-28T23:00:00, 248.0, 19992.8, 20830.6
2024-08-28T23:15:00, 248.0, 19997.6, 20817.8
2024-08-28T23:30:00, 230.4, 19992.8, 20808.2
2024-08-28T23:45:00, 248.0, 19992.8, 20806.6
2024-08-29T00:00:00, 241.6, 19981.6, 20800.2
2024-08-29T00:15:00, 235.2, 19975.2, 20797.0
2024-08-29T00:30:00, 240.0, 19973.6, 20795.4
2024-08-29T00:45:00, 244.8, 19965.6, 20803.4
2024-08-29T01:00:00, 246.4, 19999.2, 20825.8
2024-08-29T01:15:00, 244.8, 20012.0, 20792.2
2024-08-29T01:30:00, 248.0, 20015.2, 20044.0
2024-08-29T01:45:00, 243.2, 20013.6, 20688.2
2024-08-29T02:00:00, 233.6, 20023.2, 20710.6
2024-08-29T02:15:00, 248.0, 20008.8, 20314.4
2024-08-29T02:30:00, 257.6, 20021.6, 20821.0
2024-08-29T02:45:00, 249.6, 20005.6, 20018.4
2024-08-29T03:00:00, 232.0, 19996.0, 20784.2
2024-08-29T03:15:00, 246.4, 19989.6, 20766.6
2024-08-29T03:30:00, 257.6, 19972.0, 20760.2
2024-08-29T03:45:00, 248.0, 19967.2, 20680.2
2024-08-29T04:00:00, 254.4, 19959.2, 20577.8
2024-08-29T04:15:00, 246.4, 19954.4, 20622.6
2024-08-29T04:30:00, 244.8, 19948.0, 20648.2
2024-08-29T04:45:00, 251.2, 19930.4, 20084.0
2024-08-29T05:00:00, 248.0, 19930.4, 20130.4
2024-08-29T05:15:00, 241.6, 19916.0, 20128.8
2024-08-29T05:30:00, 246.4, 19920.8, 20088.8
2024-08-29T05:45:00, 249.6, 19908.0, 20592.2
2024-08-29T06:00:00, 238.4, 19892.0, 20689.8
2024-08-29T06:15:00, 249.6, 19906.4, 20696.2
2024-08-29T06:30:00, 232.0, 19884.0, 20691.4
2024-08-29T06:45:00, 238.4, 19904.8, 20680.2
2024-08-29T07:00:00, 249.6, 19901.6, 17261.6
2024-08-29T07:15:00, 249.6, 19911.2, 20741.0
2024-08-29T07:30:00, 240.0, 19938.4, 20749.0
2024-08-29T07:45:00, 249.6, 19952.8, 18527.2
2024-08-29T08:00:00, 256.0, 19991.2, 15902.2
2024-08-29T08:15:00, 248.0, 20036.0, 15684.6
2024-08-29T08:30:00, 248.0, 20085.6, 13841.4
2024-08-29T08:45:00, 248.0, 20143.2, 10475.6
2024-08-29T09:00:00, 259.2, 20162.4, 9795.6
2024-08-29T09:15:00, 243.2, 20170.4, 18397.6
2024-08-29T09:30:00, 238.4, 20208.8, 20984.2
2024-08-29T09:45:00, 241.6, 20242.4, 21059.4
2024-08-29T10:00:00, 248.0, 20295.2, 21163.4
2024-08-29T10:15:00, 240.0, 20308.0, 21006.6
2024-08-29T10:30:00, 244.8, 20325.6, 21163.4
2024-08-29T10:45:00, 240.0, 20349.6, 14441.4
2024-08-29T11:00:00, 243.2, 20359.2, 21177.8
2024-08-29T11:15:00, 240.0, 20375.2, 21126.6
2024-08-29T11:30:00, 244.8, 20402.4, 21185.8
2024-08-29T11:45:00, 251.2, 20412.0, 21277.0
2024-08-29T12:00:00, 236.8, 20441.0, 21297.8
2024-08-29T12:15:00, 238.4, 20534.6, 21406.6
2024-08-29T12:30:00, 240.0, 20800.2, 21685.0
2024-08-29T12:45:00, 244.8, 20893.0, 21809.8
2024-08-29T13:00:00, 244.8, 20862.6, 21763.4
2024-08-29T13:15:00, 241.6, 20601.8, 21486.6
2024-08-29T13:30:00, 241.6, 20510.5, 21395.4
2024-08-29T13:45:00, 243.2, 20492.9, 21352.2
2024-08-29T14:00:00, 241.6, 20480.0, 21350.6
2024-08-29T14:15:00, 243.2, 20481.4, 21365.0
2024-08-29T14:30:00, 243.2, 20558.6, 21448.2
2024-08-29T14:45:00, 244.8, 20878.6, 21782.6
2024-08-29T15:00:00, 248.0, 20883.4, 21776.2
2024-08-29T15:15:00, 246.4, 20582.6, 21472.2
2024-08-29T15:30:00, 248.0, 20573.0, 21446.6
2024-08-29T15:45:00, 257.6, 20725.0, 21606.6
2024-08-29T16:00:00, 260.8, 20601.8, 21480.2
2024-08-29T16:15:00, 240.0, 20789.0, 21689.8
2024-08-29T16:30:00, 241.6, 20768.2, 21689.8
2024-08-29T16:45:00, 243.2, 20547.4, 21438.6
2024-08-29T17:00:00, 236.8, 20473.3, 21345.8
2024-08-29T17:15:00, 241.6, 20410.4, 21285.0
2024-08-29T17:30:00, 248.0, 20389.6, 21240.2
2024-08-29T17:45:00, 248.0, 20372.0, 21240.2
2024-08-29T18:00:00, 236.8, 20370.4, 21216.2
2024-08-29T18:15:00, 240.0, 20335.2, 21200.2
2024-08-29T18:30:00, 243.2, 20301.6, 21158.6
2024-08-29T18:45:00, 233.6, 20277.6, 21128.2
2024-08-29T19:00:00, 244.8, 20250.4, 21089.8
2024-08-29T19:15:00, 244.8, 20212.0, 21061.0
2024-08-29T19:30:00, 246.4, 20172.0, 21019.4
2024-08-29T19:45:00, 243.2, 20140.0, 20981.0
2024-08-29T20:00:00, 238.4, 20111.2, 20947.4
2024-08-29T20:15:00, 241.6, 20080.8, 20917.0
2024-08-29T20:30:00, 236.8, 20055.2, 20904.2
2024-08-29T20:45:00, 244.8, 20034.4, 20870.6
2024-08-29T21:00:00, 233.6, 20031.2, 20869.0
2024-08-29T21:15:00, 238.4, 20020.0, 20849.8
2024-08-29T21:30:00, 236.8, 20012.0, 20841.8
2024-08-29T21:45:00, 227.2, 19983.2, 20819.4
2024-08-29T22:00:00, 230.4, 19992.8, 20817.8
2024-08-29T22:15:00, 244.8, 19984.8, 20806.6
2024-08-29T22:30:00, 241.6, 19981.6, 20808.2
2024-08-29T22:45:00, 240.0, 19991.2, 20801.8
2024-08-29T23:00:00, 232.0, 19983.2, 20814.6
2024-08-29T23:15:00, 249.6, 19976.8, 20792.2
2024-08-29T23:30:00, 222.4, 19962.4, 20787.4
2024-08-29T23:45:00, 243.2, 19960.8, 20779.4
2024-08-30T00:00:00, 244.8, 19956.0, 20776.2
2024-08-30T00:15:00, 238.4, 19957.6, 20782.6
2024-08-30T00:30:00, 228.8, 19972.0, 20771.4
2024-08-30T00:45:00, 248.0, 19967.2, 20774.6
2024-08-30T01:00:00, 225.6, 19960.8, 20763.4
2024-08-30T01:15:00, 246.4, 19949.6, 20769.8
2024-08-30T01:30:00, 248.0, 19943.2, 20766.6
2024-08-30T01:45:00, 233.6, 19938.4, 20753.8
2024-08-30T02:00:00, 243.2, 19940.0, 20741.0
2024-08-30T02:15:00, 240.0, 19935.2, 20295.2
2024-08-30T02:30:00, 248.0, 19943.2, 20689.8
2024-08-30T02:45:00, 235.2, 19941.6, 20513.8
2024-08-30T03:00:00, 249.6, 19940.0, 20685.0
2024-08-30T03:15:00, 251.2, 19946.4, 20468.3
2024-08-30T03:30:00, 244.8, 19936.8, 20720.2
2024-08-30T03:45:00, 236.8, 19936.8, 20651.4
2024-08-30T04:00:00, 244.8, 19924.0, 20662.6
2024-08-30T04:15:00, 230.4, 19922.4, 20646.6
2024-08-30T04:30:00, 243.2, 19916.0, 20617.8
2024-08-30T04:45:00, 249.6, 19928.8, 20603.4
2024-08-30T05:00:00, 244.8, 19928.8, 20444.0
2024-08-30T05:15:00, 238.4, 19924.0, 20653.0
2024-08-30T05:30:00, 248.0, 19927.2, 20635.4
2024-08-30T05:45:00, 252.8, 19935.2, 18789.6
2024-08-30T06:00:00, 251.2, 19916.0, 20574.6
2024-08-30T06:15:00, 244.8, 19930.4, 20662.6
2024-08-30T06:30:00, 251.2, 19924.0, 20718.6
2024-08-30T06:45:00, 220.8, 19938.4, 20686.6
2024-08-30T07:00:00, 243.2, 19952.8, 20683.4
2024-08-30T07:15:00, 233.6, 19951.2, 20469.8
2024-08-30T07:30:00, 235.2, 19976.8, 20717.0
2024-08-30T07:45:00, 238.4, 20013.6, 20811.4
2024-08-30T08:00:00, 251.2, 20053.6, 20843.4
2024-08-30T08:15:00, 240.0, 20108.0, 20912.2
2024-08-30T08:30:00, 246.4, 20146.4, 17197.6
2024-08-30T08:45:00, 264.0, 20181.6, 14729.4
2024-08-30T09:00:00, 259.2, 20223.2, 15718.2
2024-08-30T09:15:00, 241.6, 20252.0, 20601.8
2024-08-30T09:30:00, 240.0, 20296.8, 12767.8
2024-08-30T09:45:00, 256.0, 20344.8, 18391.2
2024-08-30T10:00:00, 252.8, 20396.0, 19852.0
2024-08-30T10:15:00, 249.6, 20408.8, 21214.6
2024-08-30T10:30:00, 248.0, 20408.8, 21259.4
2024-08-30T10:45:00, 249.6, 20424.8, 21270.6
2024-08-30T11:00:00, 251.2, 20428.0, 21286.6
2024-08-30T11:15:00, 249.6, 20455.3, 21312.2
2024-08-30T11:30:00, 244.8, 20494.4, 21337.8
2024-08-30T11:45:00, 246.4, 20465.0, 21321.8
2024-08-30T12:00:00, 251.2, 20499.4, 21350.6
2024-08-30T12:15:00, 248.0, 20624.2, 21473.8
2024-08-30T12:30:00, 260.8, 20861.0, 21718.6
2024-08-30T12:45:00, 251.2, 20640.2, 21509.0
2024-08-30T13:00:00, 248.0, 20557.0, 21432.2
2024-08-30T13:15:00, 259.2, 20539.4, 21409.8
2024-08-30T13:30:00, 244.8, 20539.4, 21405.0
2024-08-30T13:45:00, 251.2, 20521.8, 21400.2
2024-08-30T14:00:00, 235.2, 20510.5, 21382.6
2024-08-30T14:15:00, 241.6, 20521.8, 21387.4
2024-08-30T14:30:00, 262.4, 20629.0, 21485.0
2024-08-30T14:45:00, 252.8, 20709.0, 21577.8
2024-08-30T15:00:00, 244.8, 20825.8, 21718.6
2024-08-30T15:15:00, 243.2, 20625.8, 21486.6
2024-08-30T15:30:00, 248.0, 20606.6, 21481.8
2024-08-30T15:45:00, 262.4, 20589.0, 21453.0
2024-08-30T16:00:00, 262.4, 20613.0, 21499.4
2024-08-30T16:15:00, 248.0, 20552.2, 21425.8
2024-08-30T16:30:00, 252.8, 20635.4, 21510.6
2024-08-30T16:45:00, 252.8, 20563.4, 21438.6
2024-08-30T17:00:00, 244.8, 20533.0, 21409.8
2024-08-30T17:15:00, 236.8, 20473.3, 21339.4
2024-08-30T17:30:00, 246.4, 20457.0, 21293.0
2024-08-30T17:45:00, 243.2, 20404.0, 21251.4
2024-08-30T18:00:00, 248.0, 20392.8, 21243.4
2024-08-30T18:15:00, 244.8, 20372.0, 21208.2
2024-08-30T18:30:00, 256.0, 20367.2, 21206.6
2024-08-30T18:45:00, 236.8, 20327.2, 21181.0
2024-08-30T19:00:00, 248.0, 20287.2, 21153.8
2024-08-30T19:15:00, 248.0, 20263.2, 21101.0
2024-08-30T19:30:00, 241.6, 20223.2, 21062.6
2024-08-30T19:45:00, 246.4, 20191.2, 21019.4
2024-08-30T20:00:00, 243.2, 20167.2, 20997.0
2024-08-30T20:15:00, 246.4, 20135.2, 20963.4
2024-08-30T20:30:00, 249.6, 20111.2, 20933.0
2024-08-30T20:45:00, 233.6, 20116.0, 20917.0
2024-08-30T21:00:00, 249.6, 20084.0, 20907.4
2024-08-30T21:15:00, 246.4, 20090.4, 20894.6
2024-08-30T21:30:00, 249.6, 20055.2, 20897.8
2024-08-30T21:45:00, 241.6, 20060.0, 20893.0
2024-08-30T22:00:00, 248.0, 20060.0, 20886.6
2024-08-30T22:15:00, 249.6, 20052.0, 20881.8
2024-08-30T22:30:00, 249.6, 20060.0, 20835.4
2024-08-30T22:45:00, 240.0, 20047.2, 20859.4
2024-08-30T23:00:00, 238.4, 20050.4, 20867.4
2024-08-30T23:15:00, 248.0, 20042.4, 20865.8
2024-08-30T23:30:00, 259.2, 20053.6, 15779.0
2024-08-30T23:45:00, 243.2, 20048.8, 14961.4
2024-08-31T00:00:00, 254.4, 20047.2, 16145.4
2024-08-31T00:15:00, 249.6, 20044.0, 20837.0
2024-08-31T00:30:00, 244.8, 20037.6, 20215.2
2024-08-31T00:45:00, 251.2, 20040.8, 19412.0
2024-08-31T01:00:00, 248.0, 20032.8, 20723.4
2024-08-31T01:15:00, 243.2, 20039.2, 20795.4
2024-08-31T01:30:00, 252.8, 20007.2, 20781.0
2024-08-31T01:45:00, 243.2, 20000.8, 20678.6
2024-08-31T02:00:00, 238.4, 20016.8, 20774.6
2024-08-31T02:15:00, 235.2, 19999.2, 20752.2
2024-08-31T02:30:00, 244.8, 20012.0, 20689.8
2024-08-31T02:45:00, 236.8, 20000.8, 20797.0
2024-08-31T03:00:00, 240.0, 20010.4, 20795.4
2024-08-31T03:15:00, 238.4, 20002.4, 20787.4
2024-08-31T03:30:00, 251.2, 20021.6, 20781.0
2024-08-31T03:45:00, 248.0, 19989.6, 20801.8
2024-08-31T04:00:00, 240.0, 19980.0, 20784.2
2024-08-31T04:15:00, 249.6, 19991.2, 20792.2
2024-08-31T04:30:00, 249.6, 19999.2, 20803.4
2024-08-31T04:45:00, 240.0, 19984.8, 20792.2
2024-08-31T05:00:00, 233.6, 19981.6, 20784.2
2024-08-31T05:15:00, 244.8, 19984.8, 20779.4
2024-08-31T05:30:00, 243.2, 19972.0, 20776.2
2024-08-31T05:45:00, 241.6, 19967.2, 20771.4
2024-08-31T06:00:00, 244.8, 19959.2, 20769.8
2024-08-31T06:15:00, 240.0, 19957.6, 20768.2
2024-08-31T06:30:00, 246.4, 19976.8, 20776.2
2024-08-31T06:45:00, 254.4, 19980.0, 20781.0
2024-08-31T07:00:00, 252.8, 19986.4, 19804.0
2024-08-31T07:15:00, 254.4, 20002.4, 8108.2
2024-08-31T07:30:00, 244.8, 20021.6, 16352.1
2024-08-31T07:45:00, 260.8, 20052.0, 15689.4
2024-08-31T08:00:00, 246.4, 20109.6, 6311.4
2024-08-31T08:15:00, 252.8, 20157.6, 11906.1
2024-08-31T08:30:00, 248.0, 20207.2, 1460.8
2024-08-31T08:45:00, 262.4, 20266.4, 1073.6
2024-08-31T09:00:00, 243.2, 20287.2, 1083.2
2024-08-31T09:15:00, 260.8, 20348.0, 1088.0
2024-08-31T09:30:00, 248.0, 20370.4, 1081.6
2024-08-31T09:45:00, 251.2, 20386.4, 1094.4
2024-08-31T10:00:00, 254.4, 20431.3, 1099.2
2024-08-31T10:15:00, 246.4, 20450.5, 1105.6
2024-08-31T10:30:00, 251.2, 20431.2, 6866.6
2024-08-31T10:45:00, 256.0, 20471.5, 7599.4
2024-08-31T11:00:00, 248.0, 20484.5, 5949.8
2024-08-31T11:15:00, 252.8, 20478.3, 1110.4
2024-08-31T11:30:00, 267.2, 20509.0, 6050.6
2024-08-31T11:45:00, 243.2, 20492.8, 1096.0
2024-08-31T12:00:00, 252.8, 20468.3, 21294.6
2024-08-31T12:15:00, 244.8, 20553.8, 21085.0
2024-08-31T12:30:00, 243.2, 20800.2, 21675.4
2024-08-31T12:45:00, 262.4, 20894.6, 9352.4
2024-08-31T13:00:00, 256.0, 20873.8, 19527.2
2024-08-31T13:15:00, 254.4, 20653.0, 21166.6
2024-08-31T13:30:00, 256.0, 20589.0, 8360.4
2024-08-31T13:45:00, 257.6, 20573.0, 8398.8
2024-08-31T14:00:00, 248.0, 20557.0, 21133.0
2024-08-31T14:15:00, 244.8, 20565.0, 21421.0
2024-08-31T14:30:00, 256.0, 20613.0, 21456.2
2024-08-31T14:45:00, 248.0, 20697.8, 21568.2
2024-08-31T15:00:00, 248.0, 20728.2, 20165.6
2024-08-31T15:15:00, 243.2, 20616.2, 21456.2
2024-08-31T15:30:00, 260.8, 20598.6, 20365.6
2024-08-31T15:45:00, 241.6, 20584.2, 21057.8
2024-08-31T16:00:00, 259.2, 20576.2, 21011.4
2024-08-31T16:15:00, 241.6, 20651.4, 21149.0
2024-08-31T16:30:00, 254.4, 20589.0, 14089.4
2024-08-31T16:45:00, 240.0, 20523.4, 21195.4
2024-08-31T17:00:00, 254.4, 20507.3, 21185.8
2024-08-31T17:15:00, 251.2, 20474.9, 15907.0
2024-08-31T17:30:00, 252.8, 20452.1, 16070.2
2024-08-31T17:45:00, 257.6, 20434.4, 16631.2
2024-08-31T18:00:00, 251.2, 20423.2, 17029.6
2024-08-31T18:15:00, 254.4, 20405.6, 16716.0
2024-08-31T18:30:00, 240.0, 20399.2, 19332.0
2024-08-31T18:45:00, 252.8, 20373.6, 14071.8
2024-08-31T19:00:00, 248.0, 20343.2, 20641.8
2024-08-31T19:15:00, 248.0, 20316.0, 21150.6
2024-08-31T19:30:00, 257.6, 20311.2, 21115.4
2024-08-31T19:45:00, 265.6, 20298.4, 16589.6
2024-08-31T20:00:00, 262.4, 20282.4, 15606.2
2024-08-31T20:15:00, 246.4, 20277.6, 16028.6
2024-08-31T20:30:00, 257.6, 20263.2, 15262.2
2024-08-31T20:45:00, 243.2, 20253.6, 10515.6
2024-08-31T21:00:00, 243.2, 20250.4, 11701.2
2024-08-31T21:15:00, 244.8, 20242.4, 12953.4
2024-08-31T21:30:00, 259.2, 20229.6, 12631.8
2024-08-31T21:45:00, 257.6, 20226.4, 13219.0
2024-08-31T22:00:00, 246.4, 20229.6, 1532.8
2024-08-31T22:15:00, 246.4, 20223.2, 1625.6
2024-08-31T22:30:00, 257.6, 20220.0, 20119.2
2024-08-31T22:45:00, 252.8, 20242.4, 1172.8
2024-08-31T23:00:00, 259.2, 20223.2, 11973.2
2024-08-31T23:15:00, 260.8, 20213.6, 1083.2
2024-08-31T23:30:00, 252.8, 20215.2, 1120.0
2024-08-31T23:45:00, 252.8, 20188.0, 1214.4
2024-09-01T00:00:00, 251.2, 20172.0, 1134.4
2024-09-01T00:15:00, 256.0, 20168.8, 1139.2
2024-09-01T00:30:00, 257.6, 20154.4, 4329.0
2024-09-01T00:45:00, 252.8, 20151.2, 8653.2
2024-09-01T01:00:00, 256.0, 20138.4, 9411.6
2024-09-01T01:15:00, 246.4, 20144.8, 1953.6
2024-09-01T01:30:00, 254.4, 20154.4, 1113.6
2024-09-01T01:45:00, 238.4, 20162.4, 1088.0
2024-09-01T02:00:00, 259.2, 20168.8, 1086.4
2024-09-01T02:15:00, 248.0, 20168.8, 1086.4
2024-09-01T02:30:00, 254.4, 20151.2, 1078.4
2024-09-01T02:45:00, 256.0, 20144.8, 1081.6
2024-09-01T03:00:00, 251.2, 20144.8, 1080.0
2024-09-01T03:15:00, 252.8, 20136.8, 1076.8
2024-09-01T03:30:00, 257.6, 20122.4, 1075.2
2024-09-01T03:45:00, 251.2, 20100.0, 1080.0
2024-09-01T04:00:00, 257.6, 20095.2, 1080.0
2024-09-01T04:15:00, 248.0, 20084.0, 1070.4
2024-09-01T04:30:00, 260.8, 20084.0, 1076.8
2024-09-01T04:45:00, 252.8, 20060.0, 1070.4
2024-09-01T05:00:00, 254.4, 20056.8, 1068.8
2024-09-01T05:15:00, 240.0, 20066.4, 1072.0
2024-09-01T05:30:00, 257.6, 20047.2, 1075.2
2024-09-01T05:45:00, 251.2, 20069.6, 1070.4
2024-09-01T06:00:00, 259.2, 20074.4, 1080.0
2024-09-01T06:15:00, 254.4, 20056.8, 1075.2
2024-09-01T06:30:00, 256.0, 20063.2, 1072.0
2024-09-01T06:45:00, 252.8, 20096.8, 1073.6
2024-09-01T07:00:00, 246.4, 20104.8, 1075.2
2024-09-01T07:15:00, 254.4, 20133.6, 1080.0
2024-09-01T07:30:00, 254.4, 20157.6, 1081.6
2024-09-01T07:45:00, 260.8, 20192.8, 1081.6
2024-09-01T08:00:00, 260.8, 20226.4, 1078.4
2024-09-01T08:15:00, 252.8, 20260.0, 1080.0
2024-09-01T08:30:00, 252.8, 20277.6, 1080.0
2024-09-01T08:45:00, 252.8, 20293.6, 1081.6
2024-09-01T09:00:00, 259.2, 20316.0, 1088.0
2024-09-01T09:15:00, 251.2, 20341.6, 1092.8
2024-09-01T09:30:00, 257.6, 20372.0, 1086.4
2024-09-01T09:45:00, 257.6, 20383.2, 1086.4
2024-09-01T10:00:00, 252.8, 20402.4, 1092.8
2024-09-01T10:15:00, 232.0, 20421.6, 1088.0
2024-09-01T10:30:00, 252.8, 20410.4, 1094.4
2024-09-01T10:45:00, 257.6, 20400.8, 1089.6
2024-09-01T11:00:00, 246.4, 20431.2, 1099.2
2024-09-01T11:15:00, 248.0, 20456.8, 1097.6
2024-09-01T11:30:00, 265.6, 20469.9, 1092.8
2024-09-01T11:45:00, 254.4, 20468.2, 1091.2
2024-09-01T12:00:00, 254.4, 20473.4, 1096.0
2024-09-01T12:15:00, 249.6, 20553.8, 1100.8
2024-09-01T12:30:00, 259.2, 20843.4, 1115.2
2024-09-01T12:45:00, 241.6, 20907.4, 21782.6
2024-09-01T13:00:00, 252.8, 20827.4, 21699.4
2024-09-01T13:15:00, 251.2, 20641.8, 17216.8
2024-09-01T13:30:00, 244.8, 20579.4, 21433.8
2024-09-01T13:45:00, 243.2, 20542.6, 21401.8
2024-09-01T14:00:00, 256.0, 20541.0, 21387.4
2024-09-01T14:15:00, 254.4, 20537.8, 21401.8
2024-09-01T14:30:00, 254.4, 20573.0, 21379.4
2024-09-01T14:45:00, 254.4, 20776.2, 21565.0
2024-09-01T15:00:00, 254.4, 20741.0, 21568.2
2024-09-01T15:15:00, 251.2, 20582.6, 21229.0
2024-09-01T15:30:00, 265.6, 20553.8, 19346.4
2024-09-01T15:45:00, 254.4, 20622.6, 21381.0
2024-09-01T16:00:00, 252.8, 20589.0, 21357.0
2024-09-01T16:15:00, 251.2, 20621.0, 21456.2
2024-09-01T16:30:00, 254.4, 20553.8, 21419.4
2024-09-01T16:45:00, 251.2, 20528.2, 21379.4
2024-09-01T17:00:00, 251.2, 20523.4, 21379.4
2024-09-01T17:15:00, 249.6, 20471.6, 20913.8
2024-09-01T17:30:00, 256.0, 20439.3, 17991.2
2024-09-01T17:45:00, 251.2, 20402.4, 19896.8
2024-09-01T18:00:00, 248.0, 20394.4, 20947.4
2024-09-01T18:15:00, 246.4, 20373.6, 19042.4
2024-09-01T18:30:00, 246.4, 20365.6, 20995.4
2024-09-01T18:45:00, 246.4, 20348.0, 21173.0
2024-09-01T19:00:00, 248.0, 20328.8, 21006.6
2024-09-01T19:15:00, 236.8, 20303.2, 20973.0
2024-09-01T19:30:00, 251.2, 20272.8, 20942.6
2024-09-01T19:45:00, 244.8, 20247.2, 18431.2
2024-09-01T20:00:00, 246.4, 20216.8, 15502.2
2024-09-01T20:15:00, 267.2, 20204.0, 15495.8
2024-09-01T20:30:00, 257.6, 20199.2, 4361.0
2024-09-01T20:45:00, 248.0, 20180.0, 10147.6
2024-09-01T21:00:00, 268.8, 20173.6, 8547.6
2024-09-01T21:15:00, 246.4, 20160.8, 11978.0
2024-09-01T21:30:00, 256.0, 20140.0, 14939.0
2024-09-01T21:45:00, 240.0, 20127.2, 16328.0
2024-09-01T22:00:00, 246.4, 20124.0, 20327.2
2024-09-01T22:15:00, 251.2, 20130.4, 10350.8
2024-09-01T22:30:00, 240.0, 20111.2, 17133.6
2024-09-01T22:45:00, 248.0, 20101.6, 9205.2
2024-09-01T23:00:00, 246.4, 20130.4, 1078.4
2024-09-01T23:15:00, 244.8, 20117.6, 1067.2
2024-09-01T23:30:00, 251.2, 20128.8, 1076.8
2024-09-01T23:45:00, 251.2, 20124.0, 1072.0
2024-09-02T00:00:00, 248.0, 20122.4, 1084.8
2024-09-02T00:15:00, 243.2, 20124.0, 1070.4
2024-09-02T00:30:00, 249.6, 20132.0, 1076.8
2024-09-02T00:45:00, 243.2, 20125.6, 1068.8
2024-09-02T01:00:00, 246.4, 20104.8, 1072.0
2024-09-02T01:15:00, 259.2, 20095.2, 1064.0
2024-09-02T01:30:00, 256.0, 20096.8, 1070.4
2024-09-02T01:45:00, 256.0, 20100.0, 1076.8
2024-09-02T02:00:00, 249.6, 20106.4, 1078.4
2024-09-02T02:15:00, 252.8, 20060.0, 1078.4
2024-09-02T02:30:00, 265.6, 20055.2, 1078.4
2024-09-02T02:45:00, 256.0, 20036.0, 1073.6
2024-09-02T03:00:00, 249.6, 20037.6, 1078.4
2024-09-02T03:15:00, 262.4, 20034.4, 1075.2
2024-09-02T03:30:00, 254.4, 20020.0, 1073.6
2024-09-02T03:45:00, 252.8, 20012.0, 1065.6
2024-09-02T04:00:00, 254.4, 20015.2, 1067.2
2024-09-02T04:15:00, 259.2, 20007.2, 1065.6
2024-09-02T04:30:00, 252.8, 20007.2, 1075.2
2024-09-02T04:45:00, 256.0, 20008.8, 1076.8
2024-09-02T05:00:00, 254.4, 20007.2, 1070.4
2024-09-02T05:15:00, 248.0, 20015.2, 1073.6
2024-09-02T05:30:00, 265.6, 20004.0, 1065.6
2024-09-02T05:45:00, 252.8, 20013.6, 1062.4
2024-09-02T06:00:00, 262.4, 19999.2, 1070.4
2024-09-02T06:15:00, 256.0, 20028.0, 1068.8
2024-09-02T06:30:00, 246.4, 20012.0, 1073.6
2024-09-02T06:45:00, 249.6, 20032.8, 1067.2
2024-09-02T07:00:00, 264.0, 20052.0, 1067.2
2024-09-02T07:15:00, 256.0, 20085.6, 1076.8
2024-09-02T07:30:00, 252.8, 20114.4, 1083.2
2024-09-02T07:45:00, 262.4, 20156.0, 1070.4
2024-09-02T08:00:00, 256.0, 20164.0, 1076.8
2024-09-02T08:15:00, 256.0, 20202.4, 1092.8
2024-09-02T08:30:00, 254.4, 20223.2, 1088.0
2024-09-02T08:45:00, 244.8, 20303.2, 1091.2
2024-09-02T09:00:00, 256.0, 20322.4, 1083.2
2024-09-02T09:15:00, 252.8, 20340.0, 1081.6
2024-09-02T09:30:00, 259.2, 20394.5, 1088.0
2024-09-02T09:45:00, 260.8, 20421.6, 1092.8
2024-09-02T10:00:00, 228.8, 20465.2, 1099.2
2024-09-02T10:15:00, 254.4, 20478.1, 1102.4
2024-09-02T10:30:00, 254.4, 20489.6, 1097.6
2024-09-02T10:45:00, 256.0, 20504.1, 1097.6
2024-09-02T11:00:00, 260.8, 20508.9, 1097.6
2024-09-02T11:15:00, 254.4, 20494.6, 1100.8
2024-09-02T11:30:00, 265.6, 20494.5, 1097.6
2024-09-02T11:45:00, 251.2, 20493.0, 1099.2
2024-09-02T12:00:00, 254.4, 20496.1, 1102.4
2024-09-02T12:15:00, 254.4, 20497.7, 1232.0
2024-09-02T12:30:00, 249.6, 20512.1, 1110.4
2024-09-02T12:45:00, 259.2, 20513.8, 21355.4
2024-09-02T13:00:00, 254.4, 20521.8, 21377.8
2024-09-02T13:15:00, 252.8, 20547.4, 21037.0
2024-09-02T13:30:00, 260.8, 20595.4, 5500.2
2024-09-02T13:45:00, 252.8, 20568.2, 21419.4
2024-09-02T14:00:00, 256.0, 20525.0, 21414.6
2024-09-02T14:15:00, 249.6, 20515.4, 21408.2
2024-09-02T14:30:00, 254.4, 20520.2, 21400.2
2024-09-02T14:45:00, 257.6, 20499.3, 21369.8
2024-09-02T15:00:00, 251.2, 20547.4, 21419.4
2024-09-02T15:15:00, 246.4, 20537.8, 21427.4
2024-09-02T15:30:00, 257.6, 20536.2, 21416.2
2024-09-02T15:45:00, 252.8, 20571.4, 21441.8
2024-09-02T16:00:00, 257.6, 20547.4, 21406.6
2024-09-02T16:15:00, 249.6, 20653.0, 17277.6
2024-09-02T16:30:00, 252.8, 20541.0, 15839.8
2024-09-02T16:45:00, 260.8, 20493.0, 15337.4
2024-09-02T17:00:00, 256.0, 20491.2, 18189.6
2024-09-02T17:15:00, 256.0, 20437.6, 15820.6
2024-09-02T17:30:00, 251.2, 20412.0, 15940.6
2024-09-02T17:45:00, 260.8, 20424.8, 16813.6
2024-09-02T18:00:00, 254.4, 20399.2, 15691.0
2024-09-02T18:15:00, 256.0, 20386.4, 15427.0
2024-09-02T18:30:00, 256.0, 20370.4, 21086.6
2024-09-02T18:45:00, 254.4, 20333.6, 16357.1
2024-09-02T19:00:00, 265.6, 20341.6, 9682.0
2024-09-02T19:15:00, 252.8, 20328.8, 7962.6
2024-09-02T19:30:00, 249.6, 20282.4, 20776.2
2024-09-02T19:45:00, 252.8, 20271.2, 6956.2
2024-09-02T20:00:00, 251.2, 20236.0, 5994.6
2024-09-02T20:15:00, 254.4, 20223.2, 1369.6
2024-09-02T20:30:00, 254.4, 20178.4, 9466.0
2024-09-02T20:45:00, 243.2, 20183.2, 3624.0
2024-09-02T21:00:00, 251.2, 20149.6, 16135.8
2024-09-02T21:15:00, 246.4, 20157.6, 1809.6
2024-09-02T21:30:00, 251.2, 20152.8, 1073.6
2024-09-02T21:45:00, 251.2, 20156.0, 1192.0
2024-09-02T22:00:00, 251.2, 20136.8, 1075.2
2024-09-02T22:15:00, 249.6, 20140.0, 1086.4
2024-09-02T22:30:00, 257.6, 20132.0, 1080.0
2024-09-02T22:45:00, 257.6, 20114.4, 1075.2
2024-09-02T23:00:00, 259.2, 20132.0, 1076.8
2024-09-02T23:15:00, 256.0, 20117.6, 1076.8
2024-09-02T23:30:00, 254.4, 20119.2, 1076.8
2024-09-02T23:45:00, 252.8, 20108.0, 1070.4
2024-09-03T00:00:00, 249.6, 20096.8, 1067.2
2024-09-03T00:15:00, 254.4, 20082.4, 1070.4
2024-09-03T00:30:00, 259.2, 20079.2, 1070.4
2024-09-03T00:45:00, 235.2, 20087.2, 1070.4
2024-09-03T01:00:00, 259.2, 20064.8, 1073.6
2024-09-03T01:15:00, 257.6, 20050.4, 1072.0
2024-09-03T01:30:00, 254.4, 20048.8, 1075.2
2024-09-03T01:45:00, 257.6, 20047.2, 1065.6
2024-09-03T02:00:00, 243.2, 20042.4, 1060.8
2024-09-03T02:15:00, 257.6, 20036.0, 1068.8
2024-09-03T02:30:00, 260.8, 20020.0, 1059.2
2024-09-03T02:45:00, 252.8, 20023.2, 1073.6
2024-09-03T03:00:00, 262.4, 20007.2, 1073.6
2024-09-03T03:15:00, 257.6, 20032.8, 1065.6
2024-09-03T03:30:00, 249.6, 20032.8, 1072.0
2024-09-03T03:45:00, 254.4, 20080.8, 1075.2
2024-09-03T04:00:00, 254.4, 20082.4, 1064.0
2024-09-03T04:15:00, 249.6, 20058.4, 1072.0
2024-09-03T04:30:00, 259.2, 20037.6, 1065.6
2024-09-03T04:45:00, 257.6, 20050.4, 1064.0
2024-09-03T05:00:00, 267.2, 20048.8, 1065.6
2024-09-03T05:15:00, 257.6, 20024.8, 1070.4
2024-09-03T05:30:00, 249.6, 20020.0, 1065.6
2024-09-03T05:45:00, 252.8, 20026.4, 1076.8
2024-09-03T06:00:00, 249.6, 20010.4, 1068.8
2024-09-03T06:15:00, 256.0, 20016.8, 1070.4
2024-09-03T06:30:00, 256.0, 20008.8, 1067.2
2024-09-03T06:45:00, 262.4, 20028.0, 1064.0
2024-09-03T07:00:00, 248.0, 20029.6, 1068.8
2024-09-03T07:15:00, 260.8, 20034.4, 1073.6
2024-09-03T07:30:00, 251.2, 20058.4, 1072.0
2024-09-03T07:45:00, 268.8, 20164.0, 1076.8
2024-09-03T08:00:00, 259.2, 20229.6, 1080.0
2024-09-03T08:15:00, 256.0, 20301.6, 1084.8
2024-09-03T08:30:00, 264.0, 20344.8, 1089.6
2024-09-03T08:45:00, 262.4, 20365.6, 1091.2
2024-09-03T09:00:00, 256.0, 20389.6, 1086.4
2024-09-03T09:15:00, 251.2, 20405.6, 1089.6
2024-09-03T09:30:00, 251.2, 20437.7, 1094.4
2024-09-03T09:45:00, 256.0, 20481.3, 1091.2
2024-09-03T10:00:00, 246.4, 20479.8, 1092.8
2024-09-03T10:15:00, 259.2, 20483.3, 1094.4
2024-09-03T10:30:00, 260.8, 20484.8, 1100.8
2024-09-03T10:45:00, 262.4, 20442.5, 1097.6
2024-09-03T11:00:00, 249.6, 20466.8, 1094.4
2024-09-03T11:15:00, 259.2, 20476.6, 1092.8
2024-09-03T11:30:00, 256.0, 20536.2, 1099.2
2024-09-03T11:45:00, 244.8, 20541.0, 1105.6
2024-09-03T12:00:00, 252.8, 20561.8, 6565.8
2024-09-03T12:15:00, 243.2, 20568.2, 21445.0
2024-09-03T12:30:00, 257.6, 20819.4, 3897.6
2024-09-03T12:45:00, 244.8, 20805.0, 21710.6
2024-09-03T13:00:00, 249.6, 20560.2, 21398.6
2024-09-03T13:15:00, 259.2, 20534.6, 21267.4
2024-09-03T13:30:00, 254.4, 20516.9, 20987.4
2024-09-03T13:45:00, 251.2, 20505.8, 16167.8
2024-09-03T14:00:00, 256.0, 20524.9, 20854.6
2024-09-03T14:15:00, 268.8, 20521.8, 21139.4
2024-09-03T14:30:00, 241.6, 20508.9, 21227.4
2024-09-03T14:45:00, 265.6, 20497.8, 21182.6
2024-09-03T15:00:00, 252.8, 20507.4, 21209.8
2024-09-03T15:15:00, 251.2, 20504.1, 21222.6
2024-09-03T15:30:00, 252.8, 20486.5, 21203.4
2024-09-03T15:45:00, 248.0, 20450.4, 21177.8
2024-09-03T16:00:00, 244.8, 20440.8, 21153.8
2024-09-03T16:15:00, 248.0, 20431.2, 21134.6
2024-09-03T16:30:00, 254.4, 20413.6, 21104.2
2024-09-03T16:45:00, 248.0, 20389.6, 21096.2
2024-09-03T17:00:00, 256.0, 20402.4, 21083.4
2024-09-03T17:15:00, 249.6, 20423.2, 21005.0
2024-09-03T17:30:00, 248.0, 20474.7, 20589.0
2024-09-03T17:45:00, 254.4, 20471.6, 17879.2
2024-09-03T18:00:00, 251.2, 20458.4, 20928.2
2024-09-03T18:15:00, 246.4, 20442.4, 20937.8
2024-09-03T18:30:00, 267.2, 20436.0, 20894.6
2024-09-03T18:45:00, 264.0, 20396.0, 19026.4
2024-09-03T19:00:00, 267.2, 20362.4, 13542.2
2024-09-03T19:15:00, 252.8, 20306.4, 20396.0
2024-09-03T19:30:00, 257.6, 20274.4, 20181.6
2024-09-03T19:45:00, 256.0, 20232.8, 19247.2
2024-09-03T20:00:00, 260.8, 20210.4, 18106.4
2024-09-03T20:15:00, 251.2, 20189.6, 20958.6
2024-09-03T20:30:00, 252.8, 20176.8, 16119.8
2024-09-03T20:45:00, 254.4, 20175.2, 3382.4
2024-09-03T21:00:00, 257.6, 20154.4, 7981.8
2024-09-03T21:15:00, 265.6, 20159.2, 1273.6
2024-09-03T21:30:00, 256.0, 20130.4, 15515.0
2024-09-03T21:45:00, 256.0, 20117.6, 11357.2
2024-09-03T22:00:00, 257.6, 20124.0, 7025.0
2024-09-03T22:15:00, 257.6, 20117.6, 1260.8
2024-09-03T22:30:00, 252.8, 20104.8, 13364.6
2024-09-03T22:45:00, 249.6, 20104.8, 3704.0
2024-09-03T23:00:00, 254.4, 20090.4, 2041.6
2024-09-03T23:15:00, 252.8, 20076.0, 1081.6
2024-09-03T23:30:00, 252.8, 20082.4, 1081.6
2024-09-03T23:45:00, 252.8, 20093.6, 1075.2
2024-09-04T00:00:00, 259.2, 20101.6, 1081.6
2024-09-04T00:15:00, 262.4, 20071.2, 1076.8
2024-09-04T00:30:00, 256.0, 20064.8, 1075.2
2024-09-04T00:45:00, 265.6, 20063.2, 1073.6
2024-09-04T01:00:00, 257.6, 20048.8, 1073.6
2024-09-04T01:15:00, 252.8, 20058.4, 1080.0
2024-09-04T01:30:00, 244.8, 20044.0, 1072.0
2024-09-04T01:45:00, 262.4, 20040.8, 1075.2
2024-09-04T02:00:00, 256.0, 20032.8, 1081.6
2024-09-04T02:15:00, 246.4, 20036.0, 1076.8
2024-09-04T02:30:00, 259.2, 20034.4, 1081.6
2024-09-04T02:45:00, 264.0, 20032.8, 1073.6
2024-09-04T03:00:00, 254.4, 20031.2, 1075.2
2024-09-04T03:15:00, 259.2, 20056.8, 1072.0
2024-09-04T03:30:00, 257.6, 20064.8, 1076.8
2024-09-04T03:45:00, 256.0, 20080.8, 1075.2
2024-09-04T04:00:00, 251.2, 20087.2, 1078.4
2024-09-04T04:15:00, 248.0, 20066.4, 1078.4
2024-09-04T04:30:00, 252.8, 20064.8, 1080.0
2024-09-04T04:45:00, 259.2, 20088.8, 1072.0
2024-09-04T05:00:00, 262.4, 20088.8, 1065.6
2024-09-04T05:15:00, 254.4, 20068.0, 1072.0
2024-09-04T05:30:00, 257.6, 20052.0, 1081.6
2024-09-04T05:45:00, 260.8, 20040.8, 1075.2
2024-09-04T06:00:00, 260.8, 20028.0, 1075.2
2024-09-04T06:15:00, 246.4, 20029.6, 1070.4
2024-09-04T06:30:00, 259.2, 20037.6, 1073.6
2024-09-04T06:45:00, 257.6, 20029.6, 1076.8
2024-09-04T07:00:00, 256.0, 20020.0, 1064.0
2024-09-04T07:15:00, 256.0, 20031.2, 1073.6
2024-09-04T07:30:00, 259.2, 20080.8, 1084.8
2024-09-04T07:45:00, 238.4, 20135.2, 1076.8
2024-09-04T08:00:00, 262.4, 20162.4, 1078.4
2024-09-04T08:15:00, 243.2, 20186.4, 1078.4
2024-09-04T08:30:00, 251.2, 20252.0, 1080.0
2024-09-04T08:45:00, 262.4, 20252.0, 1078.4
2024-09-04T09:00:00, 252.8, 20269.6, 1078.4
2024-09-04T09:15:00, 260.8, 20301.6, 1083.2
2024-09-04T09:30:00, 251.2, 20311.2, 1092.8
2024-09-04T09:45:00, 260.8, 20327.2, 1086.4
2024-09-04T10:00:00, 267.2, 20375.2, 1097.6
2024-09-04T10:15:00, 233.6, 20378.4, 1091.2
2024-09-04T10:30:00, 256.0, 20402.4, 1102.4
2024-09-04T10:45:00, 251.2, 20405.6, 1096.0
2024-09-04T11:00:00, 257.6, 20436.2, 1092.8
2024-09-04T11:15:00, 265.6, 20437.6, 1092.8
2024-09-04T11:30:00, 259.2, 20463.3, 1096.0
2024-09-04T11:45:00, 260.8, 20484.8, 1110.4
2024-09-04T12:00:00, 249.6, 20497.7, 1105.6
2024-09-04T12:15:00, 248.0, 20552.2, 4737.0
2024-09-04T12:30:00, 265.6, 20896.2, 1129.6
2024-09-04T12:45:00, 259.2, 20957.0, 21873.8
2024-09-04T13:00:00, 249.6, 20736.2, 18663.2
2024-09-04T13:15:00, 256.0, 20617.8, 15809.4
2024-09-04T13:30:00, 256.0, 20561.8, 21438.6
2024-09-04T13:45:00, 248.0, 20536.2, 21432.2
2024-09-04T14:00:00, 248.0, 20547.4, 21424.2
2024-09-04T14:15:00, 246.4, 20531.4, 21321.8
2024-09-04T14:30:00, 259.2, 20613.0, 15262.2
2024-09-04T14:45:00, 257.6, 20761.8, 9432.4
2024-09-04T15:00:00, 249.6, 20741.0, 13140.6
2024-09-04T15:15:00, 246.4, 20619.4, 21501.0
2024-09-04T15:30:00, 249.6, 20613.0, 21072.2
2024-09-04T15:45:00, 243.2, 20593.8, 18042.4
2024-09-04T16:00:00, 256.0, 20600.2, 20769.8
2024-09-04T16:15:00, 251.2, 20686.6, 21440.2
2024-09-04T16:30:00, 259.2, 20592.2, 21347.4
2024-09-04T16:45:00, 252.8, 20573.0, 21307.4
2024-09-04T17:00:00, 256.0, 20541.0, 21294.6
2024-09-04T17:15:00, 249.6, 20525.0, 21273.8
2024-09-04T17:30:00, 246.4, 20507.4, 21227.4
2024-09-04T17:45:00, 249.6, 20492.9, 21208.2
2024-09-04T18:00:00, 249.6, 20496.1, 21251.4
2024-09-04T18:15:00, 246.4, 20488.1, 21221.0
2024-09-04T18:30:00, 246.4, 20440.9, 18362.4
2024-09-04T18:45:00, 257.6, 20388.0, 20266.4
2024-09-04T19:00:00, 243.2, 20325.6, 20689.8
2024-09-04T19:15:00, 252.8, 20298.4, 20745.8
2024-09-04T19:30:00, 252.8, 20253.6, 20721.8
2024-09-04T19:45:00, 243.2, 20237.6, 20705.8
2024-09-04T20:00:00, 248.0, 20207.2, 20701.0
2024-09-04T20:15:00, 249.6, 20172.0, 20705.8
2024-09-04T20:30:00, 254.4, 20173.6, 21011.4
2024-09-04T20:45:00, 257.6, 20167.2, 21017.8
2024-09-04T21:00:00, 264.0, 20176.8, 21024.2
2024-09-04T21:15:00, 243.2, 20164.0, 21017.8
2024-09-04T21:30:00, 249.6, 20156.0, 20998.6
2024-09-04T21:45:00, 254.4, 20124.0, 20969.8
2024-09-04T22:00:00, 246.4, 20111.2, 20950.6
2024-09-04T22:15:00, 259.2, 20106.4, 20942.6
2024-09-04T22:30:00, 244.8, 20092.0, 20931.4
2024-09-04T22:45:00, 260.8, 20092.0, 20904.2
2024-09-04T23:00:00, 249.6, 20069.6, 20901.0
2024-09-04T23:15:00, 251.2, 20087.2, 13892.6
2024-09-04T23:30:00, 248.0, 20079.2, 8610.0
2024-09-04T23:45:00, 257.6, 20056.8, 13782.2
2024-09-05T00:00:00, 240.0, 20074.4, 20825.8
2024-09-05T00:15:00, 249.6, 20063.2, 20747.4
2024-09-05T00:30:00, 254.4, 20085.6, 7596.2
2024-09-05T00:45:00, 252.8, 20069.6, 4487.4
2024-09-05T01:00:00, 252.8, 20071.2, 20865.8
2024-09-05T01:15:00, 254.4, 20058.4, 20846.6
2024-09-05T01:30:00, 257.6, 20072.8, 17522.4
2024-09-05T01:45:00, 244.8, 20079.2, 20672.2
2024-09-05T02:00:00, 254.4, 20087.2, 1715.2
2024-09-05T02:15:00, 262.4, 20090.4, 3000.0
2024-09-05T02:30:00, 254.4, 20100.0, 1080.0
2024-09-05T02:45:00, 272.0, 20098.4, 1112.0
2024-09-05T03:00:00, 243.2, 20096.8, 1209.6
2024-09-05T03:15:00, 246.4, 20076.0, 12913.4
2024-09-05T03:30:00, 244.8, 20068.0, 19266.4
2024-09-05T03:45:00, 259.2, 20088.8, 9718.8
2024-09-05T04:00:00, 248.0, 20076.0, 2371.2
2024-09-05T04:15:00, 257.6, 20064.8, 1116.8
2024-09-05T04:30:00, 260.8, 20064.8, 1256.0
2024-09-05T04:45:00, 257.6, 20063.2, 7185.0
2024-09-05T05:00:00, 257.6, 20058.4, 1374.4
2024-09-05T05:15:00, 243.2, 20077.6, 1072.0
2024-09-05T05:30:00, 251.2, 20063.2, 1076.8
2024-09-05T05:45:00, 254.4, 20064.8, 1072.0
2024-09-05T06:00:00, 259.2, 20076.0, 1080.0
2024-09-05T06:15:00, 248.0, 20053.6, 1067.2
2024-09-05T06:30:00, 249.6, 20063.2, 1072.0
2024-09-05T06:45:00, 249.6, 20071.2, 1067.2
2024-09-05T07:00:00, 267.2, 20055.2, 1067.2
2024-09-05T07:15:00, 264.0, 20074.4, 1064.0
2024-09-05T07:30:00, 244.8, 20112.8, 1076.8
2024-09-05T07:45:00, 257.6, 20140.0, 1081.6
2024-09-05T08:00:00, 243.2, 20189.6, 1080.0
2024-09-05T08:15:00, 244.8, 20215.2, 1088.0
2024-09-05T08:30:00, 249.6, 20256.8, 1084.8
2024-09-05T08:45:00, 256.0, 20311.2, 1081.6
2024-09-05T09:00:00, 259.2, 20300.0, 1091.2
2024-09-05T09:15:00, 240.0, 20359.2, 1094.4
2024-09-05T09:30:00, 252.8, 20372.0, 11272.4
2024-09-05T09:45:00, 264.0, 20384.8, 13652.6
2024-09-05T10:00:00, 257.6, 20410.4, 19602.4
2024-09-05T10:15:00, 252.8, 20424.8, 12388.6
2024-09-05T10:30:00, 252.8, 20432.8, 13172.6
2024-09-05T10:45:00, 249.6, 20453.7, 13060.6
2024-09-05T11:00:00, 259.2, 20452.1, 13345.4
2024-09-05T11:15:00, 235.2, 20470.0, 17748.0
2024-09-05T11:30:00, 256.0, 20494.3, 15527.8
2024-09-05T11:45:00, 254.4, 20497.6, 21374.6
2024-09-05T12:00:00, 252.8, 20513.8, 21389.0
2024-09-05T12:15:00, 252.8, 20613.0, 21417.8
2024-09-05T12:30:00, 259.2, 20885.0, 9421.2
2024-09-05T12:45:00, 259.2, 20928.2, 16740.0
2024-09-05T13:00:00, 252.8, 20707.4, 21600.2
2024-09-05T13:15:00, 249.6, 20606.6, 21501.0
2024-09-05T13:30:00, 243.2, 20563.4, 21446.6
2024-09-05T13:45:00, 254.4, 20560.2, 21019.4
2024-09-05T14:00:00, 260.8, 20539.4, 21347.4
2024-09-05T14:15:00, 264.0, 20517.0, 21302.6
2024-09-05T14:30:00, 248.0, 20550.6, 21398.6
2024-09-05T14:45:00, 257.6, 20622.6, 21520.2
2024-09-05T15:00:00, 257.6, 20632.2, 21435.4
2024-09-05T15:15:00, 252.8, 20589.0, 21400.2
2024-09-05T15:30:00, 252.8, 20579.4, 15963.0
2024-09-05T15:45:00, 252.8, 20550.6, 21089.8
2024-09-05T16:00:00, 272.0, 20515.4, 21374.6
2024-09-05T16:15:00, 252.8, 20609.8, 21432.2
2024-09-05T16:30:00, 254.4, 20508.8, 21313.8
2024-09-05T16:45:00, 257.6, 20507.3, 11653.2
2024-09-05T17:00:00, 270.4, 20486.4, 10021.2
2024-09-05T17:15:00, 256.0, 20463.3, 14073.4
2024-09-05T17:30:00, 259.2, 20450.5, 12607.8
2024-09-05T17:45:00, 248.0, 20432.9, 15927.8
2024-09-05T18:00:00, 246.4, 20418.4, 18655.2
2024-09-05T18:15:00, 256.0, 20404.0, 17324.0
2024-09-05T18:30:00, 244.8, 20364.0, 14228.6
2024-09-05T18:45:00, 235.2, 20333.6, 16429.4
2024-09-05T19:00:00, 254.4, 20317.6, 13785.4
2024-09-05T19:15:00, 243.2, 20312.8, 10510.8
2024-09-05T19:30:00, 256.0, 20279.2, 10405.2
2024-09-05T19:45:00, 249.6, 20277.6, 10498.0
2024-09-05T20:00:00, 251.2, 20269.6, 10275.6
2024-09-05T20:15:00, 241.6, 20247.2, 13494.2
2024-09-05T20:30:00, 251.2, 20253.6, 16727.2
2024-09-05T20:45:00, 256.0, 20263.2, 12329.1
2024-09-05T21:00:00, 251.2, 20277.6, 16632.8
2024-09-05T21:15:00, 246.4, 20261.6, 17184.8
2024-09-05T21:30:00, 251.2, 20258.4, 17122.4
2024-09-05T21:45:00, 246.4, 20258.4, 16941.6
2024-09-05T22:00:00, 249.6, 20268.0, 14140.6
2024-09-05T22:15:00, 244.8, 20271.2, 4546.6
2024-09-05T22:30:00, 249.6, 20234.4, 9618.0
2024-09-05T22:45:00, 254.4, 20242.4, 8166.0
2024-09-05T23:00:00, 249.6, 20188.0, 17964.0
2024-09-05T23:15:00, 235.2, 20205.6, 11608.4
2024-09-05T23:30:00, 248.0, 20196.0, 10888.4
2024-09-05T23:45:00, 257.6, 20213.6, 12019.6
2024-09-06T00:00:00, 262.4, 20212.0, 5162.6
2024-09-06T00:15:00, 254.4, 20231.2, 6479.4
2024-09-06T00:30:00, 252.8, 20226.4, 7511.4
2024-09-06T00:45:00, 249.6, 20207.2, 8164.3
2024-09-06T01:00:00, 251.2, 20215.2, 7221.8
2024-09-06T01:15:00, 249.6, 20199.2, 7799.4
2024-09-06T01:30:00, 248.0, 20208.8, 10709.2
2024-09-06T01:45:00, 251.2, 20205.6, 16119.8
2024-09-06T02:00:00, 257.6, 20216.8, 15923.0
2024-09-06T02:15:00, 254.4, 20192.8, 15785.4
2024-09-06T02:30:00, 257.6, 20204.0, 15974.2
2024-09-06T02:45:00, 243.2, 20186.4, 16110.2
2024-09-06T03:00:00, 249.6, 20188.0, 17002.4
2024-09-06T03:15:00, 254.4, 20168.8, 13791.8
2024-09-06T03:30:00, 254.4, 20154.4, 16978.4
2024-09-06T03:45:00, 249.6, 20164.0, 16680.8
2024-09-06T04:00:00, 257.6, 20175.2, 18141.6
2024-09-06T04:15:00, 249.6, 20168.8, 19532.0
2024-09-06T04:30:00, 254.4, 20165.6, 20838.6
2024-09-06T04:45:00, 259.2, 20156.0, 20816.2
2024-09-06T05:00:00, 244.8, 20149.6, 20819.4
2024-09-06T05:15:00, 248.0, 20135.2, 20806.6
2024-09-06T05:30:00, 252.8, 20130.4, 20829.0
2024-09-06T05:45:00, 246.4, 20130.4, 20827.4
2024-09-06T06:00:00, 249.6, 20143.2, 20904.2
2024-09-06T06:15:00, 251.2, 20125.6, 20899.4
2024-09-06T06:30:00, 249.6, 20127.2, 20921.8
2024-09-06T06:45:00, 272.0, 20112.8, 20968.2
2024-09-06T07:00:00, 248.0, 20120.8, 20982.6
2024-09-06T07:15:00, 254.4, 20128.8, 21008.2
2024-09-06T07:30:00, 254.4, 20180.0, 21038.6
2024-09-06T07:45:00, 259.2, 20204.0, 21070.6
2024-09-06T08:00:00, 256.0, 20213.6, 21083.4
2024-09-06T08:15:00, 251.2, 20245.6, 21125.0
2024-09-06T08:30:00, 254.4, 20263.2, 21153.8
2024-09-06T08:45:00, 252.8, 20314.4, 21200.2
2024-09-06T09:00:00, 259.2, 20370.4, 21249.8
2024-09-06T09:15:00, 259.2, 20362.4, 21248.2
2024-09-06T09:30:00, 248.0, 20373.6, 21235.4
2024-09-06T09:45:00, 259.2, 20359.2, 21227.4
2024-09-06T10:00:00, 254.4, 20359.2, 21237.0
2024-09-06T10:15:00, 254.4, 20389.6, 21269.0
2024-09-06T10:30:00, 259.2, 20399.2, 21283.4
2024-09-06T10:45:00, 249.6, 20416.8, 21309.0
2024-09-06T11:00:00, 244.8, 20418.4, 21299.4
2024-09-06T11:15:00, 243.2, 20416.8, 21313.8
2024-09-06T11:30:00, 259.2, 20418.4, 21315.4
2024-09-06T11:45:00, 259.2, 20420.0, 21310.6
2024-09-06T12:00:00, 252.8, 20496.0, 21401.8
2024-09-06T12:15:00, 257.6, 20512.2, 21417.8
2024-09-06T12:30:00, 257.6, 20688.2, 21600.2
2024-09-06T12:45:00, 260.8, 20753.8, 21677.0
2024-09-06T13:00:00, 265.6, 20678.6, 21579.4
2024-09-06T13:15:00, 256.0, 20569.8, 21469.0
2024-09-06T13:30:00, 246.4, 20497.8, 21398.6
2024-09-06T13:45:00, 252.8, 20507.4, 21401.8
2024-09-06T14:00:00, 260.8, 20500.8, 21414.6
2024-09-06T14:15:00, 246.4, 20526.6, 21425.8
2024-09-06T14:30:00, 259.2, 20547.4, 21459.4
2024-09-06T14:45:00, 254.4, 20525.0, 21429.0
2024-09-06T15:00:00, 235.2, 20555.4, 21432.2
2024-09-06T15:15:00, 257.6, 20595.4, 21501.0
2024-09-06T15:30:00, 251.2, 20608.2, 21525.0
2024-09-06T15:45:00, 246.4, 20547.4, 21451.4
2024-09-06T16:00:00, 251.2, 20505.6, 21427.4
2024-09-06T16:15:00, 259.2, 20549.0, 21456.2
2024-09-06T16:30:00, 254.4, 20476.6, 21384.2
2024-09-06T16:45:00, 256.0, 20465.0, 21350.6
2024-09-06T17:00:00, 252.8, 20424.9, 21323.4
2024-09-06T17:15:00, 252.8, 20408.8, 21301.0
2024-09-06T17:30:00, 264.0, 20373.6, 21275.4
2024-09-06T17:45:00, 264.0, 20388.0, 21254.6
2024-09-06T18:00:00, 249.6, 20343.2, 21235.4
2024-09-06T18:15:00, 252.8, 20312.8, 21197.0
2024-09-06T18:30:00, 270.4, 20287.2, 21173.0
2024-09-06T18:45:00, 254.4, 20263.2, 21153.8
2024-09-06T19:00:00, 256.0, 20244.0, 21131.4
2024-09-06T19:15:00, 248.0, 20200.8, 21088.2
2024-09-06T19:30:00, 259.2, 20170.4, 21059.4
2024-09-06T19:45:00, 259.2, 20157.6, 21043.4
2024-09-06T20:00:00, 246.4, 20124.0, 21006.6
2024-09-06T20:15:00, 248.0, 20119.2, 20987.4
2024-09-06T20:30:00, 257.6, 20095.2, 20966.6
2024-09-06T20:45:00, 246.4, 20066.4, 20944.2
2024-09-06T21:00:00, 257.6, 20064.8, 20942.6
2024-09-06T21:15:00, 260.8, 20044.0, 20921.8
2024-09-06T21:30:00, 257.6, 20047.2, 20912.2
2024-09-06T21:45:00, 248.0, 20029.6, 20885.0
2024-09-06T22:00:00, 248.0, 20015.2, 20621.0
2024-09-06T22:15:00, 238.4, 20024.8, 20641.8
2024-09-06T22:30:00, 256.0, 19994.4, 20835.4
2024-09-06T22:45:00, 259.2, 20000.8, 20861.0
2024-09-06T23:00:00, 246.4, 19981.6, 20837.0
2024-09-06T23:15:00, 254.4, 19983.2, 20824.2
2024-09-06T23:30:00, 252.8, 19976.8, 20822.6
2024-09-06T23:45:00, 246.4, 19975.2, 20829.0
2024-09-07T00:00:00, 249.6, 19964.0, 20795.4
2024-09-07T00:15:00, 251.2, 19956.0, 20517.0
2024-09-07T00:30:00, 248.0, 19973.6, 20779.4
2024-09-07T00:45:00, 249.6, 19944.8, 20787.4
2024-09-07T01:00:00, 260.8, 19948.0, 20793.8
2024-09-07T01:15:00, 252.8, 19960.8, 20773.0
2024-09-07T01:30:00, 251.2, 19925.6, 20768.2
2024-09-07T01:45:00, 244.8, 19928.8, 20779.4
2024-09-07T02:00:00, 243.2, 19914.4, 20768.2
2024-09-07T02:15:00, 254.4, 19912.8, 20694.6
2024-09-07T02:30:00, 256.0, 19932.0, 10995.6
2024-09-07T02:45:00, 241.6, 19912.8, 12947.0
2024-09-07T03:00:00, 246.4, 19928.8, 8121.0
2024-09-07T03:15:00, 243.2, 19916.0, 12529.4
2024-09-07T03:30:00, 252.8, 19917.6, 20496.2
2024-09-07T03:45:00, 257.6, 19906.4, 20750.6
2024-09-07T04:00:00, 256.0, 19909.6, 20745.8
2024-09-07T04:15:00, 249.6, 19895.2, 18442.4
2024-09-07T04:30:00, 257.6, 19903.2, 4197.8
2024-09-07T04:45:00, 252.8, 19912.8, 5239.4
2024-09-07T05:00:00, 240.0, 19887.2, 7093.8
2024-09-07T05:15:00, 257.6, 19888.8, 6100.2
2024-09-07T05:30:00, 248.0, 19898.4, 10302.8
2024-09-07T05:45:00, 252.8, 19888.8, 4027.4
2024-09-07T06:00:00, 251.2, 19876.0, 11125.2
2024-09-07T06:15:00, 246.4, 19888.8, 12633.4
2024-09-07T06:30:00, 241.6, 19888.8, 9299.6
2024-09-07T06:45:00, 244.8, 19896.8, 6989.8
2024-09-07T07:00:00, 249.6, 19912.8, 2798.4
2024-09-07T07:15:00, 264.0, 19917.6, 11770.0
2024-09-07T07:30:00, 257.6, 19951.2, 3828.8
2024-09-07T07:45:00, 256.0, 19965.6, 8720.4
2024-09-07T08:00:00, 246.4, 20008.8, 20701.0
2024-09-07T08:15:00, 246.4, 20024.8, 20888.2
2024-09-07T08:30:00, 257.6, 20109.6, 3492.8
2024-09-07T08:45:00, 251.2, 20156.0, 1072.0
2024-09-07T09:00:00, 248.0, 20173.6, 1083.2
2024-09-07T09:15:00, 248.0, 20228.0, 1081.6
2024-09-07T09:30:00, 248.0, 20255.2, 1088.0
2024-09-07T09:45:00, 244.8, 20271.2, 1080.0
2024-09-07T10:00:00, 248.0, 20309.6, 1363.2
2024-09-07T10:15:00, 248.0, 20304.8, 17004.0
2024-09-07T10:30:00, 246.4, 20336.8, 8760.4
2024-09-07T10:45:00, 249.6, 20365.6, 10387.6
2024-09-07T11:00:00, 251.2, 20384.8, 11677.2
2024-09-07T11:15:00, 254.4, 20404.0, 3964.8
2024-09-07T11:30:00, 252.8, 20423.2, 10397.2
2024-09-07T11:45:00, 256.0, 20437.6, 9899.6
2024-09-07T12:00:00, 262.4, 20467.0, 9136.4
2024-09-07T12:15:00, 252.8, 20627.4, 15515.0
2024-09-07T12:30:00, 246.4, 20878.6, 21819.4
2024-09-07T12:45:00, 254.4, 20840.2, 9675.6
2024-09-07T13:00:00, 251.2, 20683.4, 12223.0
2024-09-07T13:15:00, 254.4, 20582.6, 17290.4
2024-09-07T13:30:00, 248.0, 20534.6, 18495.2
2024-09-07T13:45:00, 244.8, 20502.5, 21345.8
2024-09-07T14:00:00, 257.6, 20501.0, 21389.0
2024-09-07T14:15:00, 248.0, 20547.4, 14054.2
2024-09-07T14:30:00, 248.0, 20549.0, 16932.0
2024-09-07T14:45:00, 259.2, 20571.4, 16546.4
2024-09-07T15:00:00, 249.6, 20597.0, 21409.8
2024-09-07T15:15:00, 246.4, 20579.4, 21483.4
2024-09-07T15:30:00, 254.4, 20560.2, 21480.2
2024-09-07T15:45:00, 256.0, 20574.6, 21475.4
2024-09-07T16:00:00, 244.8, 20563.4, 21469.0
2024-09-07T16:15:00, 248.0, 20662.6, 21560.2
2024-09-07T16:30:00, 249.6, 20533.0, 21443.4
2024-09-07T16:45:00, 251.2, 20486.4, 21398.6
2024-09-07T17:00:00, 251.2, 20455.2, 21365.0
2024-09-07T17:15:00, 256.0, 20442.5, 21328.2
2024-09-07T17:30:00, 244.8, 20421.6, 21302.6
2024-09-07T17:45:00, 249.6, 20397.6, 21280.2
2024-09-07T18:00:00, 257.6, 20383.2, 21261.0
2024-09-07T18:15:00, 252.8, 20356.0, 21227.4
2024-09-07T18:30:00, 252.8, 20319.2, 21200.2
2024-09-07T18:45:00, 252.8, 20296.8, 21165.0
2024-09-07T19:00:00, 251.2, 20277.6, 21145.8
2024-09-07T19:15:00, 254.4, 20247.2, 21070.6
2024-09-07T19:30:00, 257.6, 20212.0, 21035.4
2024-09-07T19:45:00, 248.0, 20173.6, 21009.8
2024-09-07T20:00:00, 248.0, 20136.8, 20985.8
2024-09-07T20:15:00, 251.2, 20122.4, 20947.4
2024-09-07T20:30:00, 246.4, 20106.4, 20899.4
2024-09-07T20:45:00, 252.8, 20106.4, 9534.8
2024-09-07T21:00:00, 252.8, 20087.2, 10944.4
2024-09-07T21:15:00, 233.6, 20071.2, 9622.8
2024-09-07T21:30:00, 257.6, 20085.6, 7010.6
2024-09-07T21:45:00, 249.6, 20063.2, 12529.4
2024-09-07T22:00:00, 256.0, 20076.0, 9443.6
2024-09-07T22:15:00, 246.4, 20047.2, 9341.2
2024-09-07T22:30:00, 265.6, 20044.0, 7069.8
2024-09-07T22:45:00, 249.6, 20048.8, 4938.6
2024-09-07T23:00:00, 257.6, 20034.4, 10752.4
2024-09-07T23:15:00, 248.0, 20032.8, 12014.8
2024-09-07T23:30:00, 244.8, 20042.4, 1580.8
2024-09-07T23:45:00, 244.8, 20064.8, 8401.3
2024-09-08T00:00:00, 254.4, 20052.0, 5389.8
2024-09-08T00:15:00, 238.4, 20058.4, 8188.6
2024-09-08T00:30:00, 257.6, 20063.2, 7201.0
2024-09-08T00:45:00, 251.2, 20037.6, 14787.0
2024-09-08T01:00:00, 254.4, 20048.8, 20288.8
2024-09-08T01:15:00, 232.0, 20044.0, 14156.6
2024-09-08T01:30:00, 251.2, 20042.4, 13483.0
2024-09-08T01:45:00, 252.8, 20058.4, 7930.6
2024-09-08T02:00:00, 252.8, 20055.2, 10477.2
2024-09-08T02:15:00, 241.6, 20061.6, 14475.0
2024-09-08T02:30:00, 240.0, 20055.2, 1145.6
2024-09-08T02:45:00, 249.6, 20066.4, 1075.2
2024-09-08T03:00:00, 243.2, 20092.0, 1075.2
2024-09-08T03:15:00, 241.6, 20053.6, 1076.8
2024-09-08T03:30:00, 248.0, 20047.2, 1068.8
2024-09-08T03:45:00, 254.4, 20052.0, 1068.8
2024-09-08T04:00:00, 244.8, 20042.4, 1078.4
2024-09-08T04:15:00, 248.0, 20028.0, 1065.6
2024-09-08T04:30:00, 249.6, 20044.0, 1068.8
2024-09-08T04:45:00, 248.0, 20037.6, 1065.6
2024-09-08T05:00:00, 248.0, 20037.6, 1072.0
2024-09-08T05:15:00, 256.0, 20026.4, 1068.8
2024-09-08T05:30:00, 254.4, 20039.2, 1073.6
2024-09-08T05:45:00, 259.2, 20042.4, 1068.8
2024-09-08T06:00:00, 252.8, 20034.4, 1072.0
2024-09-08T06:15:00, 256.0, 20028.0, 1075.2
2024-09-08T06:30:00, 248.0, 20020.0, 1064.0
2024-09-08T06:45:00, 259.2, 20008.8, 1068.8
2024-09-08T07:00:00, 240.0, 20021.6, 1065.6
2024-09-08T07:15:00, 254.4, 20028.0, 1072.0
2024-09-08T07:30:00, 249.6, 20047.2, 1065.6
2024-09-08T07:45:00, 246.4, 20079.2, 1075.2
2024-09-08T08:00:00, 256.0, 20130.4, 1072.0
2024-09-08T08:15:00, 257.6, 20164.0, 1083.2
2024-09-08T08:30:00, 244.8, 20199.2, 1073.6
2024-09-08T08:45:00, 251.2, 20245.6, 1075.2
2024-09-08T09:00:00, 256.0, 20287.2, 1081.6
2024-09-08T09:15:00, 248.0, 20295.2, 1078.4
2024-09-08T09:30:00, 260.8, 20336.8, 1084.8
2024-09-08T09:45:00, 249.6, 20352.8, 1088.0
2024-09-08T10:00:00, 252.8, 20394.4, 1094.4
2024-09-08T10:15:00, 244.8, 20402.4, 1084.8
2024-09-08T10:30:00, 228.8, 20418.4, 1088.0
2024-09-08T10:45:00, 256.0, 20452.1, 1092.8
2024-09-08T11:00:00, 259.2, 20461.7, 1091.2
2024-09-08T11:15:00, 244.8, 20479.9, 1096.0
2024-09-08T11:30:00, 257.6, 20497.8, 1094.4
2024-09-08T11:45:00, 246.4, 20515.4, 1094.4
2024-09-08T12:00:00, 246.4, 20542.6, 1094.4
2024-09-08T12:15:00, 246.4, 20630.6, 1100.8
2024-09-08T12:30:00, 252.8, 20686.6, 1102.4
2024-09-08T12:45:00, 240.0, 20673.8, 1102.4
2024-09-08T13:00:00, 252.8, 20646.6, 11856.4
2024-09-08T13:15:00, 268.8, 20686.6, 1784.0
2024-09-08T13:30:00, 240.0, 20629.0, 1156.8
2024-09-08T13:45:00, 257.6, 20600.2, 1102.4
2024-09-08T14:00:00, 227.2, 20579.4, 1108.8
2024-09-08T14:15:00, 251.2, 20672.2, 2284.8
2024-09-08T14:30:00, 243.2, 20699.4, 11787.6
2024-09-08T14:45:00, 248.0, 20694.6, 7525.8
2024-09-08T15:00:00, 244.8, 20686.6, 4207.4
2024-09-08T15:15:00, 249.6, 20689.8, 5233.0
2024-09-08T15:30:00, 241.6, 20680.2, 4183.4
2024-09-08T15:45:00, 248.0, 20661.0, 8270.6
2024-09-08T16:00:00, 254.4, 20648.2, 16191.8
2024-09-08T16:15:00, 251.2, 20633.8, 16415.0
2024-09-08T16:30:00, 254.4, 20606.6, 14121.4
2024-09-08T16:45:00, 238.4, 20590.6, 14873.4
2024-09-08T17:00:00, 256.0, 20574.6, 13337.4
2024-09-08T17:15:00, 241.6, 20550.6, 17266.4
2024-09-08T17:30:00, 256.0, 20545.8, 10942.8
2024-09-08T17:45:00, 249.6, 20537.8, 11694.8
2024-09-08T18:00:00, 260.8, 20520.1, 12261.4
2024-09-08T18:15:00, 232.0, 20496.1, 12013.2
2024-09-08T18:30:00, 246.4, 20476.6, 12625.4
2024-09-08T18:45:00, 248.0, 20444.1, 12473.4
2024-09-08T19:00:00, 256.0, 20426.4, 12032.4
2024-09-08T19:15:00, 248.0, 20408.8, 9051.6
2024-09-08T19:30:00, 251.2, 20386.4, 7095.4
2024-09-08T19:45:00, 246.4, 20391.2, 6700.2
2024-09-08T20:00:00, 251.2, 20375.2, 7322.6
2024-09-08T20:15:00, 251.2, 20354.4, 9157.2
2024-09-08T20:30:00, 246.4, 20362.4, 6066.6
2024-09-08T20:45:00, 265.6, 20365.6, 2713.6
2024-09-08T21:00:00, 264.0, 20336.8, 2568.0
2024-09-08T21:15:00, 248.0, 20364.0, 2462.4
2024-09-08T21:30:00, 248.0, 20332.0, 1096.0
2024-09-08T21:45:00, 257.6, 20314.4, 20421.6
2024-09-08T22:00:00, 252.8, 20341.6, 9315.6
2024-09-08T22:15:00, 244.8, 20348.0, 1081.6
2024-09-08T22:30:00, 257.6, 20335.2, 1084.8
2024-09-08T22:45:00, 259.2, 20335.2, 1086.4
2024-09-08T23:00:00, 259.2, 20333.6, 1084.8
2024-09-08T23:15:00, 257.6, 20312.8, 1089.6
2024-09-08T23:30:00, 246.4, 20316.0, 1078.4
2024-09-08T23:45:00, 251.2, 20306.4, 1083.2
2024-09-09T00:00:00, 265.6, 20314.4, 1081.6
2024-09-09T00:15:00, 257.6, 20303.2, 1086.4
2024-09-09T00:30:00, 254.4, 20301.6, 1083.2
2024-09-09T00:45:00, 265.6, 20312.8, 1080.0
2024-09-09T01:00:00, 249.6, 20293.6, 1084.8
2024-09-09T01:15:00, 257.6, 20295.2, 1089.6
2024-09-09T01:30:00, 259.2, 20296.8, 1081.6
2024-09-09T01:45:00, 260.8, 20295.2, 1086.4
2024-09-09T02:00:00, 249.6, 20274.4, 1081.6
2024-09-09T02:15:00, 252.8, 20284.0, 1083.2
2024-09-09T02:30:00, 251.2, 20300.0, 1084.8
2024-09-09T02:45:00, 257.6, 20309.6, 1083.2
2024-09-09T03:00:00, 248.0, 20298.4, 1086.4
2024-09-09T03:15:00, 254.4, 20311.2, 1084.8
2024-09-09T03:30:00, 257.6, 20295.2, 1081.6
2024-09-09T03:45:00, 259.2, 20301.6, 1081.6
2024-09-09T04:00:00, 708.8, 20272.8, 1612.8
2024-09-09T04:15:00, 1448.0, 20290.4, 20550.6
2024-09-09T04:30:00, 2401.6, 20300.0, 16757.6
2024-09-09T04:45:00, 2220.8, 20314.4, 19740.0
2024-09-09T05:00:00, 2651.2, 20320.8, 18109.6
2024-09-09T05:15:00, 2200.0, 20266.4, 18704.8
2024-09-09T05:30:00, 1369.6, 20229.6, 18762.4
2024-09-09T05:45:00, 1486.4, 20226.4, 18812.0
2024-09-09T06:00:00, 1616.0, 20184.8, 18840.8
2024-09-09T06:15:00, 1779.2, 20199.2, 18829.6
2024-09-09T06:30:00, 1550.4, 20183.2, 18834.4
2024-09-09T06:45:00, 1446.4, 20181.6, 17879.2
2024-09-09T07:00:00, 1556.8, 20208.8, 17535.2
2024-09-09T07:15:00, 1585.6, 20189.6, 16876.0
2024-09-09T07:30:00, 1465.6, 20186.4, 17599.2
2024-09-09T07:45:00, 1308.8, 20148.0, 20525.0
2024-09-09T08:00:00, 1363.2, 20154.4, 20761.8
2024-09-09T08:15:00, 1470.4, 20156.0, 16169.4
2024-09-09T08:30:00, 1291.2, 20136.8, 20418.4
2024-09-09T08:45:00, 1457.6, 20112.8, 18904.8
2024-09-09T09:00:00, 1272.0, 20124.0, 14846.2
2024-09-09T09:15:00, 1336.0, 20112.8, 16834.4
2024-09-09T09:30:00, 1249.6, 20119.2, 16676.0
2024-09-09T09:45:00, 1161.6, 20104.8, 18141.6
2024-09-09T10:00:00, 1235.2, 20122.4, 17957.6
2024-09-09T10:15:00, 1043.2, 20127.2, 14859.0
2024-09-09T10:30:00, 979.2, 20116.0, 16698.4
2024-09-09T10:45:00, 948.8, 20087.2, 16581.6
2024-09-09T11:00:00, 900.8, 20085.6, 17381.6
2024-09-09T11:15:00, 998.4, 20044.0, 17426.4
2024-09-09T11:30:00, 1092.8, 20004.0, 18826.4
2024-09-09T11:45:00, 1100.8, 19991.2, 18504.8
2024-09-09T12:00:00, 1113.6, 19975.2, 16999.2
2024-09-09T12:15:00, 1057.6, 19970.4, 17242.4
2024-09-09T12:30:00, 972.8, 19986.4, 1510.4
2024-09-09T12:45:00, 961.6, 19968.8, 19890.4
2024-09-09T13:00:00, 1065.6, 19973.6, 19839.2
2024-09-09T13:15:00, 979.2, 19968.8, 19877.6
2024-09-09T13:30:00, 998.4, 19975.2, 19871.2
2024-09-09T13:45:00, 1016.0, 19932.0, 19536.8
2024-09-09T14:00:00, 1123.2, 19933.6, 19981.6
2024-09-09T14:15:00, 1148.8, 19930.4, 19792.8
2024-09-09T14:30:00, 1100.8, 19935.2, 19794.4
2024-09-09T14:45:00, 1081.6, 19919.2, 19373.6
2024-09-09T15:00:00, 1315.2, 19924.0, 19631.2
2024-09-09T15:15:00, 13732.6, 12934.2, 13076.6
2024-09-09T15:30:00, 11267.6, 10517.2, 10536.4
2024-09-09T15:45:00, 5325.8, 13043.0, 12671.8
2024-09-09T16:00:00, 3536.0, 13572.6, 13263.8
2024-09-09T16:15:00, 9526.8, 14606.2, 9061.2
2024-09-09T16:30:00, 5201.0, 13035.0, 12687.8
2024-09-09T16:45:00, 3713.6, 13439.8, 13199.8
2024-09-09T17:00:00, 9518.8, 14625.4, 9141.2
2024-09-09T17:15:00, 7105.0, 13465.4, 13214.2
2024-09-09T17:30:00, 5893.8, 12931.0, 12639.8
2024-09-09T17:45:00, 6649.0, 13260.6, 12987.0
2024-09-09T18:00:00, 11845.2, 11387.6, 11558.8
2024-09-09T18:15:00, 9826.0, 14732.6, 9685.2
2024-09-09T18:30:00, 10178.0, 14692.6, 10069.2
2024-09-09T18:45:00, 10128.4, 14742.2, 9992.4
2024-09-09T19:00:00, 6268.2, 13043.0, 6604.2
2024-09-09T19:15:00, 16597.6, 16227.5, 16522.3
2024-09-09T19:30:00, 2809.6, 13697.4, 3139.2
2024-09-09T19:45:00, 4348.2, 13241.4, 4477.8
2024-09-09T20:00:00, 4396.2, 13215.8, 4684.2
2024-09-09T20:15:00, 2604.8, 13732.6, 2672.0
2024-09-09T20:30:00, 5106.6, 13017.4, 7556.2
2024-09-09T20:45:00, 3025.6, 13591.8, 8523.6
2024-09-09T21:00:00, 11027.6, 10645.2, 10840.4
2024-09-09T21:15:00, 11870.8, 11464.4, 11698.0
2024-09-09T21:30:00, 11778.0, 11373.2, 11586.0
2024-09-09T21:45:00, 11398.8, 11016.4, 11266.0
2024-09-09T22:00:00, 6737.0, 13334.2, 10267.6
2024-09-09T22:15:00, 9291.6, 14737.4, 9227.6
2024-09-09T22:30:00, 11056.4, 10730.0, 10885.2
2024-09-09T22:45:00, 11002.0, 10645.2, 10835.6
2024-09-09T23:00:00, 11002.0, 10675.6, 10848.4
2024-09-09T23:15:00, 4279.3, 13223.8, 9619.6
2024-09-09T23:30:00, 65535.0, 65535.0, 65535.0
2024-09-09T23:45:00, 65535.0, 65535.0, 65535.0
2024-09-10T00:00:00, 32664.6, 57177.9, 32687.0
2024-09-10T00:15:00, 598.4, 15782.2, 12324.6
2024-09-10T00:30:00, 65535.0, 65535.0, 65535.0
2024-09-10T00:45:00, 65535.0, 65535.0, 65535.0
2024-09-10T01:00:00, 641.6, 15825.4, 10355.6
2024-09-10T01:15:00, 768.0, 15086.2, 10640.4
2024-09-10T01:30:00, 774.4, 15108.6, 11162.0
2024-09-10T01:45:00, 6423.4, 13113.4, 11571.6
2024-09-10T02:00:00, 796.8, 15044.6, 11227.6
2024-09-10T02:15:00, 6591.4, 12972.6, 12011.6
2024-09-10T02:30:00, 13681.4, 13379.0, 13601.4
2024-09-10T02:45:00, 12961.4, 12667.0, 12943.8
2024-09-10T03:00:00, 12147.6, 11742.8, 12058.0
2024-09-10T03:15:00, 13980.6, 13649.4, 13940.6
2024-09-10T03:30:00, 14646.2, 14348.6, 14660.6
2024-09-10T03:45:00, 13974.2, 13614.2, 13900.6
2024-09-10T04:00:00, 13974.2, 13652.6, 13889.4
2024-09-10T04:15:00, 14270.2, 13977.4, 14222.2
2024-09-10T04:30:00, 13510.2, 13179.0, 13433.4
2024-09-10T04:45:00, 15622.2, 15244.6, 15726.2
2024-09-10T05:00:00, 15348.6, 14939.0, 15311.8
2024-09-10T05:15:00, 1012.8, 14542.2, 5594.6
2024-09-10T05:30:00, 1067.2, 15129.4, 7580.2
2024-09-10T05:45:00, 878.4, 14961.4, 14047.8
2024-09-10T06:00:00, 793.6, 14964.6, 14094.2
2024-09-10T06:15:00, 1067.2, 14239.8, 13452.6
2024-09-10T06:30:00, 931.2, 14547.0, 12999.8
2024-09-10T06:45:00, 4295.4, 13231.8, 13462.2
2024-09-10T07:00:00, 6332.2, 13164.6, 12822.2
2024-09-10T07:15:00, 5405.8, 12902.2, 12564.6
2024-09-10T07:30:00, 1987.2, 13793.4, 7941.8
2024-09-10T07:45:00, 5503.4, 13303.8, 6924.2
2024-09-10T08:00:00, 13663.8, 13332.6, 13716.6
2024-09-10T08:15:00, 12149.2, 11846.8, 12144.4
2024-09-10T08:30:00, 11566.8, 11291.6, 11576.4
2024-09-10T08:45:00, 11139.6, 10848.4, 11078.8
2024-09-10T09:00:00, 13102.2, 12841.4, 12998.2
